P(topic 1),P(topic 2),P(topic 3)
0.027984033802055087,0.027879761382688554,0.9441362048152564
0.05657076127856234,0.05581579499099108,0.8876134437304466
0.02387615760654736,0.02385806167955186,0.9522657807139008
0.039413019440195415,0.0376568051515826,0.9229301754082219
0.034279193278432825,0.0342527088829739,0.9314680978385932
0.04572585161850957,0.045721600995557846,0.9085525473859326
0.03450518167638766,0.03447817707455129,0.9310166412490611
0.03786898066383876,0.03693340533022341,0.9251976140059379
0.04327006816918428,0.043225771479618424,0.9135041603511973
0.04236347022456093,0.04119030319279395,0.9164462265826452
0.04206363173736182,0.730012593036174,0.22792377522646418
0.040403346318147654,0.04040412343694239,0.91919253024491
0.03952893850908498,0.03945055430396453,0.9210205071869505
0.044125580869907845,0.043836916711289316,0.9120375024188028
0.042802474523634414,0.04278446147047286,0.9144130640058927
0.04345927927037537,0.04345083144266311,0.9130898892869616
0.03654875283514665,0.03637386446942568,0.9270773826954276
0.06071115878278705,0.05838197001400126,0.8809068712032116
0.03916318265033184,0.039170103873954566,0.9216667134757136
0.042229150149898004,0.042220672935553,0.9155501769145491
0.05095675186837183,0.050947252525293446,0.8980959956063347
0.039401996693090115,0.039634481273461565,0.9209635220334483
0.04188620656301673,0.04188491507833907,0.9162288783586442
0.04480182782272695,0.04479673360609122,0.9104014385711818
0.04740622015739801,0.047401370994679275,0.9051924088479227
0.051428387342286865,0.051420520045919516,0.8971510926117937
0.07569575804827162,0.07564525974220648,0.8486589822095219
0.03243198996811465,0.032431562174590194,0.9351364478572952
0.03355044190428391,0.03343302654637495,0.9330165315493412
0.04382376392417026,0.04381579944016794,0.9123604366356618
0.04918582336395191,0.04917531258803815,0.90163886404801
0.052323420785730414,0.05230313486402529,0.8953734443502444
0.0412166812253774,0.041213001864467004,0.9175703169101556
0.036384379343682535,0.03637958447200857,0.9272360361843088
0.019723875134869798,0.01945612056439362,0.9608200043007366
0.7667362587784656,0.04700127292433238,0.186262468297202
0.03969420896523023,0.03970161223517319,0.9206041787995966
0.038147229500541724,0.03814653948783221,0.9237062310116261
0.039893546505708456,0.03990513053767999,0.9202013229566115
0.04549971750385388,0.04550360295272797,0.9089966795434181
0.03308553154951102,0.03307997619050601,0.9338344922599829
0.04121470272440239,0.04119540214354659,0.9175898951320509
0.03615861817669063,0.03615239871657305,0.9276889831067363
0.03748899706782048,0.037672919412006206,0.9248380835201733
0.033566695839387796,0.03356162264661072,0.9328716815140015
0.028162025187749306,0.028143494708735513,0.9436944801035152
0.04362017512152674,0.043598002613559665,0.9127818222649137
0.046710064896203586,0.04670635480289652,0.9065835803008999
0.04415176104129653,0.04344186566321885,0.9124063732954845
0.04712242327732771,0.04711830618164429,0.905759270541028
0.04022369794224122,0.040211203203474336,0.9195650988542845
0.03199122305986976,0.032054232349350134,0.9359545445907801
0.03511631293453201,0.03516306292077852,0.9297206241446894
0.03481194463996168,0.03365184104608155,0.9315362143139567
0.03839081462909049,0.03632762548125147,0.9252815598896581
0.051134469809654776,0.05113141560448196,0.8977341145858633
0.026830379393442044,0.026854445660567355,0.9463151749459906
0.05315713103099342,0.053152208776837497,0.8936906601921691
0.052736377337926424,0.05273967380820958,0.894523948853864
0.02921509647118657,0.029214508142405313,0.9415703953864081
0.05227712213227928,0.05227664496551657,0.8954462329022042
0.028951313074537383,0.02891499924072354,0.942133687684739
0.060515129262878914,0.059787027653709475,0.8796978430834116
0.03665741190228779,0.03666338005279193,0.9266792080449202
0.04055468756620808,0.04099004944958662,0.9184552629842053
0.03169859528019073,0.03159344793290942,0.9367079567868998
0.02588223253006086,0.02585153265021904,0.9482662348197202
0.03567509732682704,0.035689502233318786,0.9286354004398542
0.04080226404559701,0.040797702201062734,0.9184000337533403
0.03667986589711419,0.036676772844010296,0.9266433612588756
0.03715106251218599,0.0370196634335067,0.9258292740543074
0.03645563027259341,0.03605956349807082,0.9274848062293357
0.03158226492631705,0.03145310877020279,0.9369646263034801
0.04026147375568867,0.04024956616499162,0.9194889600793198
0.048619459040994926,0.04860482041262331,0.9027757205463818
0.07078893813167435,0.07078818886377107,0.8584228730045547
0.03833323874364644,0.03819113379802509,0.9234756274583285
0.04440856337144076,0.04416917173508283,0.9114222648934764
0.36940317849249166,0.0564169973084359,0.5741798241990725
0.04136370207121409,0.04136152779351598,0.91727477013527
0.03810365856963836,0.03805741255895078,0.9238389288714107
0.044119034363347374,0.042197860301904616,0.913683105334748
0.048376308111933754,0.04846242945346194,0.9031612624346043
0.036552544753851134,0.036552156125946304,0.9268952991202025
0.04382477301472294,0.04388335866826834,0.9122918683170087
0.023786544541427975,0.02379296630497699,0.952420489153595
0.05369997693283197,0.05368344211812062,0.8926165809490474
0.06216043577747815,0.06215365914704671,0.8756859050754752
0.05877186734316907,0.0587615227954593,0.8824666098613716
0.04196881991152758,0.04214019584464625,0.9158909842438261
0.03795834853658138,0.03997116999293173,0.9220704814704869
0.0379645673411721,0.03788515427031841,0.9241502783885096
0.05072923586883053,0.05072090355026336,0.8985498605809061
0.04369737170350638,0.043609123647022484,0.9126935046494711
0.032427406026999984,0.03252345147264157,0.9350491425003584
0.04957768560513462,0.04959753510251368,0.9008247792923517
0.02800564758170844,0.027936734385918024,0.9440576180323736
0.0337036031176008,0.0321008281933983,0.934195568689001
0.056323949696956706,0.05631073391889236,0.887365316384151
0.045740523160324155,0.9010504336075535,0.05320904323212218
0.040350298407227536,0.040356295194770554,0.9192934063980019
0.04507248402830947,0.045058279206631247,0.9098692367650593
0.3848930555779672,0.058959026709065915,0.5561479177129669
0.05384895961278634,0.053843484126948074,0.8923075562602655
0.0444103476314032,0.044398357900059256,0.9111912944685375
0.03844862401073277,0.03842662287208321,0.923124753117184
0.03548922384392995,0.03598812786217997,0.9285226482938902
0.053020132860373284,0.05301146580003282,0.8939684013395939
0.02666791522759921,0.02700767664677113,0.9463244081256296
0.02751821368870965,0.028236080826974312,0.9442457054843161
0.04140225762594735,0.04138379693291741,0.9172139454411353
0.04029783588989535,0.04030080687359722,0.9194013572365075
0.04915014927254141,0.04914353338187122,0.9017063173455873
0.026618212711079576,0.026539174134955667,0.9468426131539647
0.04188977895857861,0.04181713922983085,0.9162930818115905
0.08762855501538026,0.0875980117169666,0.8247734332676532
0.10605326672947227,0.10603196085231671,0.787914772418211
0.0612258637768074,0.06120139507699861,0.8775727411461939
0.5553729469604388,0.09371928855595975,0.35090776448360134
0.08235542566199178,0.0824485460813246,0.8351960282566836
0.10552421448006759,0.10550767224535369,0.7889681132745787
0.07896099855548894,0.07896132136955859,0.8420776800749523
0.03844580565429952,0.038431527841704914,0.9231226665039955
0.05067579912606117,0.05063390006981228,0.8986903008041265
0.033862634907708945,0.033858296340720705,0.9322790687515703
0.029317709814706536,0.0292991591855938,0.9413831309996996
0.038290477925293095,0.038256518243996084,0.9234530038307107
0.04669975098512605,0.046839669780545844,0.9064605792343281
0.03841867062265589,0.0384114292935022,0.9231699000838419
0.045464662191795034,0.04584119384280137,0.9086941439654036
0.04017682317006169,0.04016391055499621,0.9196592662749422
0.09760917363941533,0.7828696314170452,0.11952119494353938
0.03947369097870783,0.039538353420346235,0.9209879556009459
0.035781010680260975,0.03577625473829444,0.9284427345814446
0.03949442180921176,0.03941867335468239,0.9210869048361058
0.03506922677757163,0.0350987324127255,0.9298320408097028
0.03589924881598381,0.03589212858658345,0.9282086225974328
0.03857407071785159,0.03858896719629725,0.9228369620858511
0.04446542239067167,0.04480447196423555,0.9107301056450928
0.052410344551178635,0.05239652804802356,0.8951931274007978
0.042459331877796117,0.04242863758952046,0.9151120305326833
0.04709292254412306,0.04707717705668307,0.9058299003991939
0.0510789572834344,0.05107944839401974,0.8978415943225458
0.04933708207150528,0.04933166860796304,0.9013312493205317
0.026048695204114566,0.026021247843444725,0.9479300569524408
0.03586639300763345,0.03586955711420948,0.9282640498781571
0.044702937346147054,0.04465315135640693,0.910643911297446
0.027370927382572022,0.02751688492297054,0.9451121876944574
0.028750209702762736,0.028741718454744113,0.9425080718424932
0.039217053526831885,0.03920363332614957,0.9215793131470186
0.04106893891135978,0.04079791187680845,0.9181331492118319
0.04004519385861477,0.0403652191511259,0.9195895869902593
0.04272884224471061,0.04320995766780623,0.9140612000874831
0.04952660865365563,0.05009108277000149,0.9003823085763428
0.049924110692449265,0.04925409478579561,0.9008217945217551
0.03995168712090808,0.03994586229466937,0.9201024505844225
0.036039315588705254,0.0358671091237243,0.9280935752875704
0.04477276090829142,0.044908696929459355,0.9103185421622492
0.02769613479286939,0.02738575382615224,0.9449181113809784
0.024135980096371017,0.024132282505844198,0.9517317373977848
0.04281236586642932,0.042509441455455994,0.9146781926781148
0.034081034372154984,0.03407230195359802,0.931846663674247
0.034358709221999226,0.03433616649576299,0.9313051242822379
0.048053920980172186,0.04805689968393616,0.9038891793358916
0.03993871773358651,0.039954322678154415,0.920106959588259
0.06524563781915617,0.06573860182307832,0.8690157603577654
0.04905274440147915,0.049040431883188795,0.9019068237153322
0.04058492647473959,0.04056980433834224,0.9188452691869181
0.04959321810535428,0.04945507310728793,0.9009517087873578
0.030628842508480504,0.030627113916751946,0.9387440435747676
0.038990417011622036,0.038986557763698894,0.922023025224679
0.04562490123462108,0.045380573085841154,0.9089945256795378
0.026454784641629446,0.026355493861834375,0.9471897214965361
0.04855578960398031,0.04852554985430544,0.9029186605417142
0.04743117403159779,0.04742538459649821,0.905143441371904
0.03507978394724718,0.035169207940586006,0.9297510081121668
0.052530150841331495,0.05524755345565891,0.8922222957030096
0.024980027558275286,0.0249546935600598,0.9500652788816649
0.029522470727385758,0.029476335958810957,0.9410011933138033
0.05603548769650067,0.05603136011685979,0.8879331521866396
0.03973452689301688,0.039981956270267585,0.9202835168367155
0.02947461014639701,0.02948310811904713,0.9410422817345558
0.02814416821147677,0.028354659588417343,0.943501172200106
0.042139548727316754,0.04210085774486575,0.9157595935278174
0.026952660753178433,0.027140517965948494,0.945906821280873
0.059318241090692524,0.0593006094150689,0.8813811494942386
0.03813738422609277,0.038115939016838685,0.9237466767570686
0.035804069007305456,0.035848478157893146,0.9283474528348015
0.05716533612072507,0.0571536372870219,0.885681026592253
0.06618656658999447,0.06617586703444273,0.8676375663755628
0.03562568163990241,0.03553950179103029,0.9288348165690674
0.03579874043418351,0.03574303129614042,0.9284582282696761
0.04082139521630836,0.04098718866783606,0.9181914161158555
0.07942233668894956,0.07941391608513466,0.8411637472259157
0.04416062414363885,0.0441195390497746,0.9117198368065864
0.030619531273249012,0.03058501252355422,0.9387954562031967
0.03508611123498854,0.03505508787081081,0.9298588008942007
0.030537427934744822,0.030427821066793988,0.9390347509984612
0.03615853595338914,0.03621209463731684,0.927629369409294
0.037317192894683875,0.6347727370925443,0.32791007001277184
0.047130496344280584,0.047163447570404166,0.9057060560853153
0.038765393140251514,0.03888737566116985,0.9223472311985786
0.04352354732564908,0.04351769357373157,0.9129587591006194
0.03532190104467611,0.03508502442707797,0.9295930745282458
0.04585656707475246,0.04577397314168004,0.9083694597835675
0.03838881230903894,0.03838695284863071,0.9232242348423303
0.04757382002674261,0.047024011128916396,0.905402168844341
0.030089015534412147,0.03008711086253272,0.9398238736030551
0.021472561153302053,0.02146396130578078,0.9570634775409173
0.04505959169879652,0.045068355603005365,0.909872052698198
0.037425533242537425,0.03734835484621436,0.9252261119112482
0.04196569334970536,0.04239055690698042,0.9156437497433143
0.042653976025690245,0.04264911687369698,0.9146969071006127
0.04147209073699249,0.041444649114014034,0.9170832601489934
0.032710497862396166,0.0325794680491478,0.934710034088456
0.03977970812538065,0.03962702281263928,0.92059326906198
0.04390997135996705,0.04387038397382935,0.9122196446662035
0.045205932397882224,0.04522537398105493,0.9095686936210629
0.03630582382615138,0.03628954485992883,0.9274046313139198
0.03159485996485153,0.031481295151956024,0.9369238448831924
0.04342321136932806,0.04308991040679117,0.9134868782238806
0.046856958913284195,0.04672407968809461,0.9064189613986211
0.042317839412539394,0.042324929260099106,0.9153572313273616
0.05124322945314429,0.05119987803151161,0.8975568925153442
0.029389436106841943,0.029361926913455773,0.9412486369797023
0.03218884532612632,0.03218545738003271,0.935625697293841
0.05021375873772432,0.050205709131091444,0.8995805321311843
0.04217802309363017,0.042121068095617616,0.9157009088107522
0.03995406823463239,0.039778495119824626,0.920267436645543
0.04773631432551583,0.04575842327616009,0.9065052623983241
0.04701963643584144,0.04732432854658254,0.905656035017576
0.03214237988760143,0.03210227352106781,0.9357553465913307
0.6348497666881997,0.05414179853570475,0.3110084347760955
0.04706064592124102,0.04703042738727669,0.9059089266914823
0.04185650861656071,0.04193705195518203,0.9162064394282572
0.08329511320518673,0.0849232548367788,0.8317816319580346
0.09495589535121435,0.7041547405979298,0.2008893640508558
0.0621912286123973,0.06218891077772882,0.875619860609874
0.03017249550019535,0.03162295060643011,0.9382045538933744
0.08993151334020574,0.08992324904512024,0.8201452376146741
0.10237941744885361,0.10239034501165242,0.7952302375394941
0.05638245859541009,0.056372850308678765,0.8872446910959111
0.08479646079745455,0.08478855475328019,0.8304149844492651
0.08231173606788694,0.08231121503159695,0.8353770489005161
0.0795151040615771,0.08053692720026188,0.839947968738161
0.10146389067501685,0.10146387868607318,0.7970722306389099
0.14926551263189158,0.14926575560424626,0.701468731763862
0.0938785138508556,0.09386650074388155,0.8122549854052629
0.08623128968759262,0.08622914757413276,0.8275395627382746
0.0666826561440002,0.06586227590647757,0.8674550679495223
0.04405684577444467,0.04404379349123863,0.9118993607343165
0.15923583902755042,0.6253241768475905,0.2154399841248591
0.11040775590912229,0.7119539567646693,0.17763828732620834
0.08558476193063587,0.08558313827344037,0.8288320997959239
0.16667306236035825,0.16667293441930864,0.6666540032203331
0.0772831587445141,0.07728479484010252,0.8454320464153833
0.11921176032766237,0.11921119050144542,0.7615770491708921
0.08208791678758169,0.08215891418765153,0.8357531690247667
0.08535721747830724,0.085369506725146,0.8292732757965467
0.12259761053865405,0.12259774149949146,0.7548046479618544
0.07579939823672487,0.07567383183183307,0.848526769931442
0.03539322401872735,0.03523344178786351,0.9293733341934092
0.11036452272579797,0.5342570146344018,0.3553784626398003
0.07432126121441686,0.0743211111371293,0.8513576276484539
0.1485450591681683,0.1485453844941807,0.702909556337651
0.07151890098529934,0.07150614156048042,0.8569749574542203
0.7018520148076112,0.0908879048217953,0.20726008037059357
0.04930684530850226,0.04929731455811011,0.9013958401333876
0.06548628401598103,0.06547836377428759,0.8690353522097314
0.06936250839022776,0.06935682880771665,0.8612806628020557
0.07742347940423581,0.07741673712766738,0.8451597834680968
0.13204178279342066,0.1320556614504585,0.735902555756121
0.14298684251513644,0.1429754117736312,0.7140377457112324
0.13691019546827185,0.13690798763781506,0.7261818168939131
0.08464406565632421,0.0846407207647966,0.8307152135788791
0.08336044671366444,0.0833526048965688,0.8332869483897668
0.061141047229268136,0.06113680107873009,0.8777221516920017
0.1232786170081931,0.12326000659677744,0.7534613763950294
0.15692106976332282,0.6214200690689663,0.2216588611677109
0.07871151959388757,0.0787103980434008,0.8425780823627116
0.10851186823755991,0.10851175263792788,0.7829763791245122
0.03751897658130173,0.03750650112004396,0.9249745222986543
0.14819093656588603,0.14819094500269955,0.7036181184314144
0.08009267244524641,0.07988530814440421,0.8400220194103494
0.05837476802219102,0.05837287042631261,0.8832523615514963
0.0694493126905917,0.06943953929096286,0.8611111480184455
0.04031863698828396,0.040287110785676296,0.9193942522260398
0.10566898752735245,0.10566759693588768,0.78866341553676
0.07025839777631494,0.07023995947831393,0.8595016427453711
0.09779912286728983,0.09778337465985372,0.8044175024728564
0.13528961656356697,0.13528540804890898,0.729424975387524
0.1000821551835989,0.6528734833301262,0.24704436148627498
0.09439426827119281,0.094389059105537,0.8112166726232701
0.13476168960653265,0.6955451512343639,0.1696931591591035
0.10257635491878848,0.10257504718872885,0.7948485978924826
0.14962038962715288,0.14962084487905228,0.7007587654937948
0.10019357241379429,0.10018993412480401,0.7996164934614016
0.1257343051893514,0.1257258687462915,0.7485398260643572
0.08442478478666583,0.08443667258252896,0.8311385426308051
0.04106009529802696,0.04103489214014962,0.9179050125618233
0.06601042493030589,0.06599675294929165,0.8679928221204024
0.08863330922346149,0.08862707507663427,0.8227396156999043
0.09268068843291725,0.09267829891021116,0.8146410126568716
0.09308256701870021,0.0930783525731165,0.8138390804081832
0.05738028845847407,0.05736947318996218,0.8852502383515638
0.08822747183716899,0.08822640533945217,0.8235461228233788
0.09713943071896713,0.09714636835727727,0.8057142009237557
0.07590944640663132,0.07589566343089496,0.8481948901624736
0.13663663699233186,0.13662637946731887,0.7267369835403493
0.14496412617160395,0.14496446381489628,0.7100714100134997
0.11067226532762238,0.11067633796965179,0.7786513967027258
0.09854942176000314,0.09854545021430729,0.8029051280256896
0.04919145801046517,0.04919216523973265,0.9016163767498022
0.06692468465120435,0.06691733733998984,0.8661579780088058
0.054121242700629554,0.054115073516539824,0.8917636837828307
0.0745239227248331,0.07452111588043826,0.8509549613947286
0.1182179367224818,0.11821999074949463,0.7635620725280234
0.09465026886667167,0.0946492647867248,0.8107004663466035
0.053964280099657536,0.053961956214152874,0.8920737636861896
0.09170444468195192,0.09170884295543247,0.8165867123626156
0.04920453830129471,0.049287226167859716,0.9015082355308455
0.11557627386449544,0.11555425112893097,0.7688694750065735
0.119619814522148,0.11962314340186533,0.7607570420759867
0.07280893464027512,0.0772153336570659,0.8499757317026589
0.156179406733298,0.15617699812166336,0.6876435951450386
0.06932088101500324,0.0693170267553605,0.8613620922296363
0.12421169651646631,0.3875555393763914,0.4882327641071423
0.09200612067861261,0.09200567087681238,0.8159882084445751
0.15316563639567438,0.1531660757039706,0.6936682879003551
0.12082214599871019,0.12081894033166897,0.7583589136696208
0.08522799808935862,0.08521706026947527,0.8295549416411662
0.14662569306448758,0.14662607707086134,0.7067482298646511
0.16179838824314144,0.16178051938792345,0.6764210923689351
0.09557101647612189,0.09556595685400074,0.8088630266698774
0.14962038962715288,0.14962084487905228,0.7007587654937948
0.08796783439776179,0.08796661830017359,0.8240655473020646
0.04956790540322391,0.04959702401164527,0.9008350705851308
0.11829434279917653,0.1182936523748973,0.7634120048259263
0.11509165545703212,0.5365114064474807,0.3483969380954871
0.1592297161808703,0.6253355709444903,0.2154347128746394
0.14662569306448758,0.14662607707086134,0.7067482298646511
0.0387243673200657,0.03872816324722669,0.9225474694327076
0.15530000992766102,0.1552987159379851,0.6894012741343537
0.08213938924855324,0.08213475316716576,0.8357258575842811
0.07088385557610435,0.07087296855251572,0.85824317587138
0.05012258529211495,0.05011211426952922,0.8997653004383558
0.06880740692684735,0.0687972397216566,0.862395353351496
0.10432839092812612,0.10432301674641357,0.7913485923254603
0.13284433172101096,0.13284319263308225,0.7343124756459067
0.08199332576074952,0.08197461455112923,0.8360320596881213
0.10865554775831347,0.10865511397211075,0.7826893382695758
0.14662569306448758,0.14662607707086134,0.7067482298646511
0.09456533171026645,0.09456230424312416,0.8108723640466095
0.09616839235291827,0.09616038894921733,0.8076712186978644
0.13551053924510592,0.135626502502426,0.728862958252468
0.07420788814400546,0.0742035286526564,0.8515885832033382
0.13602453111572851,0.13601974115837845,0.7279557277258931
0.09650918816714091,0.09649918077864786,0.8069916310542113
0.1592439481194917,0.15923539632865003,0.6815206555518583
0.06556810776179697,0.06555898373248524,0.8688729085057179
0.06985057813517138,0.07005904670355938,0.8600903751612693
0.03641896856988949,0.03667815742341777,0.9269028740066928
0.06817677287646971,0.06817288274693033,0.8636503443766
0.11787591679348576,0.1178755162263481,0.7642485669801662
0.03074446711406659,0.030732143887826958,0.9385233889981065
0.07831012307153158,0.07831112872268248,0.843378748205786
0.1227230578365438,0.12271415758176632,0.7545627845816899
0.07950837402623902,0.07950268010947562,0.8409889458642853
0.06327673066222674,0.06367535395815122,0.873047915379622
0.053994980469074694,0.054008778003047986,0.8919962415278773
0.09707172785408039,0.09706652987019215,0.8058617422757275
0.09337184704012576,0.09335061587058703,0.8132775370892873
0.05454057623174428,0.05455421994568255,0.8909052038225732
0.0948820402449863,0.0948709387509516,0.8102470210040621
0.07817053389386376,0.07816021919902678,0.8436692469071094
0.053201700636680754,0.053175247230148576,0.8936230521331706
0.13801773219606842,0.13800691114232333,0.7239753566616083
0.09830251711634395,0.0983009739298132,0.8033965089538428
0.16667306236035825,0.16667293441930864,0.6666540032203331
0.07711390362635429,0.07715644202083861,0.845729654352807
0.07020205637236028,0.07018948176931988,0.85960846185832
0.15603716442673776,0.15603587165420363,0.6879269639190586
0.036041021318415675,0.036005473545199285,0.9279535051363851
0.1327357080561883,0.13273557887487902,0.7345287130689326
0.15558015674318276,0.1560826026494553,0.6883372406073619
0.06259106058130383,0.06247214407615092,0.8749367953425452
0.12194763081205792,0.12193802432438484,0.7561143448635572
0.13440059793677608,0.1345475746360164,0.7310518274272074
0.07153752603717042,0.07153782927680352,0.856924644686026
0.12851311768734097,0.12850422831176508,0.7429826540008939
0.0620912130496008,0.06191037947226966,0.8759984074781295
0.08121957639214897,0.081219207240183,0.8375612163676681
0.15603716442673776,0.15603587165420363,0.6879269639190586
0.05423232050076986,0.05433086340826317,0.891436816090967
0.11045717779680031,0.11044047694471014,0.7791023452584895
0.09042156809002905,0.09042017609293682,0.819158255817034
0.07019789183218855,0.07019488655705156,0.8596072216107599
0.12476782269603622,0.12476075817652534,0.7504714191274384
0.14962038962715288,0.14962084487905228,0.7007587654937948
0.12374372205144249,0.12372263691121423,0.7525336410373432
0.08859946485443737,0.08859227670234404,0.8228082584432186
0.6221276136980819,0.15751466596754468,0.2203577203343735
0.10505251919069802,0.10505679073879272,0.7898906900705093
0.13169664170816914,0.13169631687365746,0.7366070414181735
0.04954597864187861,0.04954446056629748,0.9009095607918239
0.08121851725698717,0.08121739861697075,0.8375640841260421
0.13945714054289005,0.13945324202082898,0.721089617436281
0.04916887225300491,0.049146384931193686,0.9016847428158015
0.06259347138205264,0.06258722652307476,0.8748193020948726
0.049145034620052847,0.04914593647830506,0.9017090289016421
0.08041990198059762,0.08169215709655143,0.8378879409228509
0.15258480460935178,0.1525844634735082,0.6948307319171398
0.1550143781199201,0.15501313644557368,0.6899724854345061
0.07937708958596608,0.07937138329955734,0.8412515271144767
0.03024094486673149,0.03023578893315426,0.9395232662001143
0.13528353257537762,0.6855270327135471,0.1791894347110752
0.1204016174677564,0.12040280682249643,0.7591955757097472
0.06601183734588427,0.06600531959988215,0.8679828430542336
0.15084432009733018,0.15084374199190617,0.6983119379107637
0.10453670181683285,0.10452472858808332,0.7909385695950839
0.14496412617160395,0.14496446381489628,0.7100714100134997
0.10925150117869885,0.10925140782391778,0.7814970909973834
0.11295523573821796,0.1129545819571647,0.7740901823046173
0.07456731144247933,0.07456013085582572,0.850872557701695
0.16178085578770293,0.161763022089954,0.6764561221223431
0.0450411765366567,0.04506669865624276,0.9098921248071006
0.1322912911729531,0.1322846075594552,0.7354241012675918
0.08907116524596073,0.08901289560446868,0.8219159391495706
0.13670542501211919,0.13697346215900508,0.7263211128288756
0.14646803681600645,0.14646067735134652,0.707071285832647
0.13232260187009523,0.1323269107212713,0.7353504874086335
0.09302556273609933,0.09302272602641505,0.8139517112374857
0.12102863191868438,0.12102708929815245,0.7579442787831633
0.08080689881229136,0.08075207065801389,0.8384410305296948
0.09629666438019026,0.0962970045129567,0.807406331106853
0.14925517395847038,0.1492556789753141,0.7014891470662155
0.05832304496040158,0.058292872114694465,0.8833840829249039
0.07486546709360724,0.07485852065862382,0.8502760122477689
0.05501581517336129,0.055010655849847594,0.8899735289767912
0.1035191429751597,0.10351926547597053,0.7929615915488698
0.16667306236035825,0.16667293441930864,0.6666540032203331
0.09540514181317299,0.09540026667436974,0.8091945915124572
0.07129687971003436,0.07128662471799722,0.8574164955719683
0.1250338512835091,0.12502412156340761,0.7499420271530833
0.10676760042837176,0.10676434404856838,0.7864680555230599
0.6970188857765609,0.07213304994250892,0.23084806428093027
0.12119944440751591,0.12119185268301207,0.757608702909472
0.09996306936035737,0.09991849555790971,0.800118435081733
0.06410445397162003,0.0641005097502674,0.8717950362781125
0.10496476571085299,0.10497134808609489,0.7900638862030521
0.11364322212082596,0.1136259573747777,0.7727308205043962
0.030632518796881735,0.03061840240196199,0.9387490788011563
0.050164501614144874,0.050172906505636244,0.8996625918802188
0.13207811756507593,0.1320779389105587,0.7358439435243653
0.0496909155108755,0.04967821855741968,0.9006308659317047
0.062295659177715734,0.0622810623467791,0.8754232784755052
0.05143654206438314,0.051431337970755844,0.897132119964861
0.16006055782762485,0.16004941599016465,0.6798900261822105
0.15119051377995146,0.15119039675718576,0.6976190894628629
0.13148830674402529,0.131484484261832,0.7370272089941428
0.1587647141853031,0.15875731033752494,0.682477975477172
0.11891392926050717,0.11891501320399005,0.7621710575355028
0.10484507623867627,0.10484298632573706,0.7903119374355867
0.08283588468247396,0.0828312152458317,0.8343329000716943
0.07155579388103923,0.07155074513541183,0.856893460983549
0.033819184753302874,0.033855069778366415,0.9323257454683308
0.1609931118328878,0.16097754222970226,0.6780293459374099
0.05044763547903814,0.05043653218973179,0.89911583233123
0.12573536145240727,0.12572757256670355,0.7485370659808891
0.03489192775742512,0.03490041065647034,0.9302076615861045
0.11710428617562837,0.11710413017834391,0.7657915836460277
0.0871070261662325,0.08710697572655188,0.8257859981072155
0.08119979953595433,0.08119659798539933,0.8376036024786463
0.15181598661224538,0.15181590873091372,0.6963681046568408
0.08621372968295234,0.0862072780245389,0.8275789922925088
0.10151986294833315,0.10151924695669114,0.7969608900949758
0.0652720503858591,0.06526552203945128,0.8694624275746896
0.13966432495001432,0.13965864909116935,0.7206770259588163
0.10438370594783437,0.10437832237146624,0.7912379716806994
0.09525336473833514,0.0952518528892054,0.8094947823724594
0.03816292274731166,0.038286018688588386,0.9235510585641
0.07675420249205557,0.0767718794339685,0.8464739180739759
0.15383809965398457,0.15382975069966107,0.6923321496463544
0.5801673785466582,0.121877562578404,0.29795505887493773
0.0592011177124016,0.05920341493119462,0.8815954673564038
0.022767539498372253,0.022782017718118257,0.9544504427835095
0.07735636571923744,0.07735297162601826,0.8452906626547444
0.11686939280397989,0.11686949082194346,0.7662611163740767
0.09918121424372031,0.09917462313674064,0.8016441626195391
0.05439454625947538,0.05440002895325491,0.8912054247872697
0.07627451454728729,0.07625700969991288,0.8474684757527997
0.07866957411233014,0.07865890856592156,0.8426715173217484
0.09277909273021977,0.09392092490212962,0.8132999823676506
0.05337146462401098,0.05338269002578005,0.893245845350209
0.04177990849890729,0.04181203919141634,0.9164080523096764
0.038778529707809456,0.03875853083536554,0.922462939456825
0.14986551572556134,0.1498661460951118,0.7002683381793268
0.14962038962715288,0.14962084487905228,0.7007587654937948
0.05318758923404603,0.05307185058479017,0.8937405601811638
0.13188792013988535,0.1318876886332394,0.7362243912268752
0.14962038962715288,0.14962084487905228,0.7007587654937948
0.13437130824397758,0.134370341690303,0.7312583500657194
0.12242797061548955,0.12242690374583894,0.7551451256386715
0.11370470028275584,0.1138025698139509,0.7724927299032932
0.11586700807584607,0.1158673719078035,0.7682656200163505
0.1380701851602408,0.13806264967739004,0.7238671651623692
0.0889824001066616,0.08897846595477198,0.8220391339385664
0.08672796576317494,0.0867294363836152,0.8265425978532098
0.14962038962715288,0.14962084487905228,0.7007587654937948
0.15364834810449732,0.15366036397247035,0.6926912879230323
0.07445364556559995,0.07444095081226712,0.8511054036221329
0.0932046486138584,0.09319969753056297,0.8135956538555786
0.15415964656975795,0.15415975821866393,0.6916805952115781
0.09318424849211758,0.09318373005577352,0.8136320214521089
0.10727101035142868,0.1072139598232626,0.7855150298253086
0.047976304839502784,0.047507067377975325,0.9045166277825218
0.0847615753819916,0.08471388601941864,0.8305245385985898
0.07368114375271327,0.0736831494734112,0.8526357067738756
0.06881383372993069,0.06880896179438702,0.8623772044756823
0.14662569306448758,0.14662607707086134,0.7067482298646511
0.038923545008520334,0.03892314730769795,0.9221533076837818
0.06700027106749627,0.06699390996491661,0.8660058189675871
0.11925130393889298,0.11925068612925767,0.7614980099318494
0.1565579663316797,0.6112457257193823,0.2321963079489381
0.12515480020314387,0.1251417928408601,0.7497034069559961
0.15254849324706987,0.152549579285499,0.6949019274674311
0.07784104309010578,0.07783813162906118,0.844320825280833
0.09271798471797306,0.0927144062040269,0.8145676090780001
0.06284205215162571,0.06284130101157563,0.8743166468367987
0.14662569306448758,0.14662607707086134,0.7067482298646511
0.05903287322762405,0.059009672237851855,0.8819574545345241
0.07707618489752574,0.07707177377996806,0.8458520413225062
0.13624681942491773,0.13624610803154827,0.7275070725435341
0.13019770947657,0.1301975897733458,0.7396047007500841
0.05012258529211495,0.05011211426952922,0.8997653004383558
0.06599619478388236,0.06598556768027844,0.8680182375358393
0.10139186520629792,0.10138087887029229,0.7972272559234097
0.08185251617912201,0.0818454173087234,0.8363020665121546
0.1046083737517997,0.10460424328570446,0.790787382962496
0.11814944005185012,0.1181486231488367,0.7637019367993132
0.11346082431086141,0.11345660885045064,0.773082566838688
0.12565657665826951,0.12565282114500487,0.7486906021967257
0.12417142091879124,0.12417176409825502,0.7516568149829537
0.08441833183744707,0.08441723573473195,0.831164432427821
0.07070921079844807,0.07071576199183094,0.858575027209721
0.11407491506553703,0.11405250875242576,0.7718725761820372
0.11231872974908018,0.11230703356533094,0.7753742366855889
0.09337388072211647,0.0934279804436449,0.8131981388342386
0.04557662576793878,0.04557052802495291,0.9088528462071084
0.06120641597355001,0.06129776365197201,0.8774958203744779
0.05957293475991049,0.05956809176039008,0.8808589734796994
0.07326044255180757,0.0732697186377317,0.8534698388104608
0.028120486023428558,0.027754060934094257,0.9441254530424772
0.16667306236035825,0.16667293441930864,0.6666540032203331
0.15539240386751504,0.1553910836154314,0.6892165125170535
0.11825834267875342,0.1182587244872622,0.7634829328339844
0.09720272892946515,0.09720482415439635,0.8055924469161385
0.10584521996136463,0.1058255330678332,0.7883292469708022
0.10665065568527861,0.10664507804387617,0.7867042662708452
0.09758601494787685,0.09758284853676291,0.8048311365153602
0.03917407495396616,0.039005020406451804,0.9218209046395821
0.10977873865305614,0.1097764178618324,0.7804448434851116
0.06681079577767061,0.06698175154548873,0.8662074526768406
0.15505691099301777,0.155055592602336,0.6898874964046462
0.0960982515757428,0.09609451042433734,0.8078072379999198
0.12743101493920284,0.12742299076810146,0.7451459942926957
0.1612732154342952,0.16127126514930684,0.6774555194163979
0.06953739316617558,0.06953207054766605,0.8609305362861583
0.10178022283500995,0.10178039095323015,0.7964393862117599
0.065207073931807,0.06526776724872763,0.8695251588194653
0.07960021279742624,0.07959559036199478,0.8408041968405789
0.14819093656588603,0.14819094500269955,0.7036181184314144
0.15620177032587398,0.15619921528389505,0.687599014390231
0.14662569306448758,0.14662607707086134,0.7067482298646511
0.09968431332466397,0.09967815025087458,0.8006375364244614
0.06671136301734323,0.06669216930696219,0.8665964676756945
0.038965539498277,0.038965460563358034,0.9220689999383649
0.09706795413711433,0.09706719891906813,0.8058648469438175
0.1485450591681683,0.1485453844941807,0.702909556337651
0.0665178688254116,0.06705468825741435,0.8664274429171741
0.05918593689840628,0.059181945352342336,0.8816321177492513
0.1108782067662619,0.1108762588814322,0.7782455343523059
0.0970778499858755,0.09709106656476287,0.8058310834493616
0.10210107966173328,0.10210117226891594,0.7957977480693508
0.0751906287590698,0.07517403097818731,0.8496353402627429
0.052036433538733405,0.05203368319189254,0.8959298832693741
0.14962038962715288,0.14962084487905228,0.7007587654937948
0.032668431662975214,0.03265993858696783,0.9346716297500569
0.15241631711796363,0.1524160310394172,0.6951676518426192
0.14819093656588603,0.14819094500269955,0.7036181184314144
0.15448471574331393,0.1546068076145988,0.6909084766420873
0.04018428589405751,0.03959568465901793,0.9202200294469246
0.025645708124396607,0.025553367237129244,0.9488009246384741
0.09661570464574988,0.09661355569730747,0.8067707396569427
0.04962566062086353,0.04962173069377997,0.9007526086853564
0.06746543681402378,0.06768035527057555,0.8648542079154006
0.12147737994870313,0.12146761173329602,0.7570550083180009
0.09665288464260696,0.09665128158672667,0.8066958337706663
0.14143857157810294,0.14143890425984323,0.7171225241620538
0.09773957607428088,0.09773646923556159,0.8045239546901576
0.09234130618377831,0.09241241362316643,0.8152462801930552
0.13225985980170124,0.670622582190653,0.19711755800764583
0.05004457692305532,0.05003537084178963,0.899920052235155
0.14030527036471585,0.14029463067960163,0.7194000989556825
0.1066667083420443,0.10665985590736565,0.7866734357505901
0.08634220906831348,0.08633567474393548,0.827322116187751
0.03626348520138434,0.036253681123233496,0.9274828336753821
0.16667306236035825,0.16667293441930864,0.6666540032203331
0.030530273307492247,0.030698940111185805,0.938770786581322
0.13200141505201848,0.13200110829704295,0.7359974766509386
0.14662569306448758,0.14662607707086134,0.7067482298646511
0.11011065735242738,0.11010384883729236,0.7797854938102803
0.08271245149265084,0.08268188185135185,0.8346056666559973
0.049960637182133706,0.04995196030433337,0.9000874025135329
0.11086103700629109,0.09259437908215709,0.7965445839115518
0.10969826192036669,0.10969587639096559,0.7806058616886676
0.0867986438102678,0.08678741582679791,0.8264139403629344
0.08075968069121241,0.08077816302710164,0.838462156281686
0.1273156657082913,0.12729692143907367,0.745387412852635
0.1187706777750827,0.11875577822797784,0.7624735439969396
0.08058299657404397,0.08057530268088875,0.8388417007450673
0.1124054393034149,0.11240416528567589,0.7751903954109092
0.14662569306448758,0.14662607707086134,0.7067482298646511
0.050261693810692974,0.050254311778456975,0.89948399441085
0.07411321305287479,0.0741120142846078,0.8517747726625174
0.08778555940182274,0.08776181320290063,0.8244526273952766
0.1066088550752354,0.10660427874546549,0.7867868661792992
0.7568571562918293,0.11052822763106362,0.13261461607710714
0.051766876153922975,0.05173919813501043,0.8964939257110666
0.07519162647284297,0.07517961486422355,0.8496287586629335
0.14662569306448758,0.14662607707086134,0.7067482298646511
0.06842224567106982,0.0684196564379067,0.8631580978910235
0.11671878223019305,0.11671903472048571,0.7665621830493213
0.06566790414673655,0.06566216387339832,0.8686699319798651
0.14662569306448758,0.14662607707086134,0.7067482298646511
0.09429676895316029,0.09427338037047026,0.8114298506763695
0.08786567515822237,0.08786406353002002,0.8242702613117576
0.05186163371273116,0.05185790593367085,0.8962804603535981
0.05267769241924102,0.05267397711080053,0.8946483304699584
0.13014756213741357,0.1301475814796776,0.7397048563829088
0.11208643427642724,0.11209347233990806,0.7758200933836646
0.07334042284346402,0.0733364651570593,0.8533231119994767
0.10771123568880897,0.10771144247715568,0.7845773218340354
0.05499369470281956,0.05537880445631022,0.8896275008408702
0.07760198440673147,0.07759505872055504,0.8448029568727135
0.09982191698674427,0.09981841728089497,0.8003596657323608
0.06316889674588065,0.06315601496011575,0.8736750882940036
0.05111918657136602,0.051087632815754465,0.8977931806128795
0.04877111955661568,0.0487606919900113,0.902468188453373
0.13631039682421103,0.13630205810024404,0.7273875450755449
0.0519802680792011,0.05200379059005362,0.8960159413307452
0.14962038962715288,0.14962084487905228,0.7007587654937948
0.10285911169773068,0.10285597010075431,0.794284918201515
0.08623022394646279,0.08622468028234073,0.8275450957711964
0.04689900929103249,0.04690885811693609,0.9061921325920314
0.7458220329374975,0.11110929096323821,0.14306867609926444
0.0913312646388839,0.09132013271165684,0.8173486026494593
0.036810160200265354,0.03680833212893162,0.926381507670803
0.08269839225393341,0.08269081972321411,0.8346107880228525
0.0534213263208405,0.053439670763988256,0.8931390029151713
0.02293941293819997,0.022962825642333526,0.9540977614194665
0.06076185181593038,0.06075137796591453,0.8784867702181551
0.16667306236035825,0.16667293441930864,0.6666540032203331
0.08741594593896722,0.08741554330207603,0.8251685107589567
0.12264781645824814,0.1226211339303487,0.7547310496114031
0.10856230065143994,0.10856208130790469,0.7828756180406553
0.10706618496281983,0.10705134677900291,0.7858824682581773
0.15167872570478294,0.15167839309560527,0.6966428811996117
0.08536418975108094,0.08534164525602447,0.8292941649928947
0.09496771636748495,0.7189071318761959,0.18612515175631916
0.045208231070872705,0.04559597079586259,0.9091957981332647
0.06855357166459503,0.06854461854135806,0.8629018097940468
0.132222856306821,0.13222273890362762,0.7355544047895514
0.05322526818005756,0.05320578231314888,0.8935689495067937
0.07899624002781369,0.08039779380119556,0.8406059661709908
0.10843448870818348,0.1084358339995895,0.783129677292227
0.08137780549331676,0.08145522701459747,0.8371669674920859
0.10028451816581915,0.10039954216696119,0.7993159396672197
