P(topic 1),P(topic 2),P(topic 3),P(topic 4)
0.4224911544440577,0.4776738976765274,0.04992490596360299,0.04991004191581174
0.06335523420317984,0.8099485002236559,0.06335695339000795,0.06333931218315621
0.06388278641740248,0.8083550704497544,0.06387926749353771,0.06388287563930536
0.06872322597964686,0.7938338092948893,0.0687235008010373,0.06871946392442636
0.03273161397085589,0.9018396124648943,0.03271630390641854,0.03271246965783128
0.04022339342693533,0.8793411344901788,0.04022480780930583,0.04021066427357992
0.0818058826858703,0.7545830578623939,0.08180599022294541,0.08180506922879047
0.0223410704689311,0.9329802774200664,0.022351091276888068,0.022327560834114447
0.0833053483805458,0.7500862253192775,0.08330558923633974,0.08330283706383694
0.08204528401703523,0.7538648656708478,0.0820455431608483,0.08204430715126858
0.03878554897445893,0.8832679037262601,0.03913639606575479,0.0388101512335261
0.06820778504320059,0.7951516176389769,0.06820865674752809,0.06843194057029445
0.0967491526895385,0.7097524671661183,0.09674914636178496,0.09674923378255838
0.028307589466295295,0.9149264447813931,0.028309106026388146,0.028456859725923468
0.020958288377323633,0.9374718569004296,0.02077180894325792,0.02079804577898894
0.03500359688327371,0.895002180770899,0.03500621170628791,0.03498801063953939
0.05737968920876292,0.8241578738881031,0.06109367231160092,0.05736876459153301
0.04383366600843567,0.8685008325949778,0.04383382160944117,0.04383167978714532
0.058894078155701406,0.8233202631604173,0.05889444066739593,0.058891218016485426
0.02009794533642617,0.9397143867318147,0.020100075066988757,0.020087592864770517
0.041556958368140835,0.8753389423100999,0.04155490641791249,0.041549192903846774
0.029427619143386874,0.9116841284241441,0.029465419398391816,0.02942283303407697
0.08063237129640871,0.7581031940732467,0.08063238162006614,0.08063205301027848
0.11513125303831931,0.654607020662902,0.11513123224618783,0.1151304940525908
0.06632288951441477,0.8010465260781674,0.06632458016510295,0.0663060042423149
0.04242899397348687,0.8727001789531676,0.04242970640919422,0.04244112066415112
0.04123376049836391,0.8763050847654581,0.041234469544348014,0.04122668519183002
0.0995047229935932,0.7014884554407613,0.09950511391121009,0.09950170765443543
0.06559122452169937,0.8032281799637901,0.0655916824712105,0.06558891304329993
0.06720594360535241,0.7983857786723493,0.06720633966780562,0.06720193805449289
0.061004448279164736,0.8169963345078866,0.061005661112907464,0.06099355610004134
0.07311423566517729,0.7806638693668725,0.07311525399387327,0.07310664097407693
0.06143185233676007,0.8157082218489083,0.06143201490080147,0.06142791091353009
0.04635517959540947,0.8609410876346847,0.046355901155157794,0.04634783161474782
0.023928984540761672,0.9282051286212745,0.02392995383344471,0.023935933004519103
0.07514859496742145,0.7745545305304748,0.07514860524256434,0.07514826925953948
0.09122744544857761,0.7263273490346058,0.09122858153552485,0.09121662398129181
0.051022670383597646,0.32171955223263377,0.05102376612359676,0.5762340112601718
0.11154464168559171,0.6653661670527976,0.11154460875348231,0.11154458250812836
0.03743389362763925,0.8877013876549463,0.03743330786740142,0.03743141085001301
0.06277591980882002,0.30748385421646723,0.06277643797052773,0.566963788004185
0.06854500251348698,0.39124551828420595,0.06854581490476983,0.4716636642975372
0.06389832317339299,0.8083054700036298,0.06389836995364719,0.06389783686932997
0.05742114232785223,0.8277232651369202,0.057421609733791325,0.057433982801436176
0.06614807315477868,0.6391800856372397,0.06621360077572075,0.22845824043226087
0.11154464168559171,0.6653661670527976,0.11154460875348231,0.11154458250812836
0.037752587511959784,0.8867487928093131,0.037753218706000374,0.03774540097272679
0.03203668638725428,0.6318851735880554,0.032039912253653886,0.3040382277710364
0.05569889333061955,0.33718623086525396,0.0556993918979896,0.551415483906137
0.1035983636593995,0.6892043515088945,0.10359840760013568,0.10359887723157024
0.038363650704449394,0.4980275935510262,0.03855499533180339,0.42505376041272097
0.08941226555437826,0.7317634463307267,0.08941237716485419,0.08941191095004085
0.05994817974364197,0.82013068936715,0.05994780732896158,0.0599733235602466
0.037755635195280676,0.13558960987472088,0.03775584039051615,0.7888989145394824
0.09796389008354202,0.7061094226773811,0.09796355102375172,0.09796313621532528
0.05477501117095736,0.835679695441772,0.05477564423143745,0.05476964915583318
0.03306826869161225,0.9008012492418225,0.03306931801399807,0.03306116405256717
0.5965154386424792,0.33917823569727207,0.03215490113019907,0.032151424530049676
0.07657173953434455,0.7702862180947867,0.07657459105098037,0.07656745131988842
0.07636128218387339,0.7709193908849937,0.07636181312107453,0.07635751381005826
0.08582495141851063,0.23544475263593884,0.5928996947867795,0.0858306011587709
0.05590961350596174,0.18213517998379536,0.05590947286205619,0.7060457336481867
0.0400433462461243,0.8798833351894688,0.040044284360965625,0.040029034203441394
0.02541891176117771,0.9238290202381558,0.025384934395290416,0.02536713360537611
0.022197528083062985,0.9334143065193528,0.022198246902011155,0.022189918495573047
0.09947098681019487,0.7015894324299986,0.09947125040310273,0.09946833035670392
0.027804164026520705,0.5992553555847747,0.3451328532695607,0.027807627119143793
0.04773375647469407,0.8568026426305912,0.04773429433695209,0.047729306557762724
0.09650758469181418,0.7104820157630922,0.09650811044713872,0.09650228909795497
0.0697205943467005,0.7908442478460833,0.069721687294879,0.06971347051233713
0.04910462044714978,0.8525444560257837,0.04910527462228161,0.049245648904785035
0.09024383604117779,0.7292693723953534,0.09024378095488811,0.09024301060858071
0.08786799620142695,0.7363964711082241,0.08786779503072159,0.08786773765962749
0.04509538152015385,0.8646758669558328,0.04509573122946144,0.045133020294551976
0.03177133093133513,0.9046948846072576,0.03177232942916219,0.031761455032245214
0.08110203536761423,0.756696899094737,0.08110237229643932,0.08109869324120941
0.11190525513372052,0.6642840657302608,0.11190522371574546,0.11190545542027304
0.022826524528275847,0.9314837042103099,0.02286134897616435,0.022828422285249728
0.036170809281389556,0.8915011078541288,0.03617235886089489,0.03615572400358683
0.11466879238794016,0.6559939954844989,0.11466882639329157,0.1146683857342694
0.06040836513157115,0.4421727380627027,0.43702302535385446,0.060395871451871745
0.052050765281510245,0.8436908319246644,0.052048784719025694,0.05220961807479969
0.11704382055601172,0.19447088272144858,0.5714427434699867,0.11704255325255296
0.5775279611491028,0.2394572882292611,0.09151021951591527,0.09150453110572082
0.019325879635812605,0.9420274988480839,0.019326614695571214,0.019320006820532313
0.024406461068295325,0.9267719958606234,0.024434467123484124,0.024387075947597068
0.0189390786718092,0.8215248176272479,0.018973220811404515,0.14056288288953817
0.20459061052458558,0.6542104363604387,0.07060627923808578,0.07059267387688996
0.07731368573090842,0.7680626505517438,0.07731454058695356,0.07730912313039406
0.033038823105692616,0.9009053190033471,0.0330326069930867,0.033023250897873474
0.042321303248492106,0.873961820811074,0.0418640754632877,0.041852800477146124
0.07055390957212387,0.7883400277560021,0.0705539980529054,0.07055206461896855
0.06081368968840615,0.8175646162893289,0.0608142573707859,0.06080743665147904
0.08673433656636326,0.7397970296421883,0.08673434224342647,0.0867342915480219
0.05329272942865019,0.8399936109021097,0.053293318416352535,0.05342034125288763
0.10163921815685341,0.695089735968233,0.10164004185085933,0.10163100402405419
0.033091065367046826,0.9007281438982658,0.03309179776586095,0.0330889929688264
0.10486296078882244,0.3039223419591708,0.4863578381993011,0.10485685905270566
0.03734062165740104,0.8879804339752325,0.03734096011660147,0.037337984250765066
0.08448022758511022,0.5031402572314584,0.08448058481580578,0.32789893036762563
0.03915239015585305,0.8825685886261082,0.03915480754190632,0.03912421367613234
0.06517543912178075,0.8044742338385744,0.06517552767763682,0.06517479936200794
0.05392077312611182,0.8382435426815158,0.05392122792119126,0.053914456271181146
0.04068379124539562,0.8779576359991539,0.040685057785060645,0.04067351497038982
0.050229990248996215,0.8492126926648915,0.050231415382933485,0.050325901703178695
0.03264680763714355,0.9020662869375965,0.03264738242846488,0.03263952299679513
0.08952112534278997,0.7314372833034992,0.08952118274843193,0.0895204086052789
0.07864540226022351,0.7640667081758633,0.0786457945567263,0.07864209500718689
0.11553698430337246,0.6533893659341798,0.11553702181762046,0.11553662794482719
0.09122445737892056,0.4509050268593341,0.09122530538177998,0.36664521037996545
0.030603812191164814,0.9080326138267487,0.030770556316563582,0.03059301766552298
0.1250007191258215,0.6249978230368171,0.1250006678001802,0.12500079003718118
0.01569787974302723,0.9528964692058537,0.015699206725104407,0.015706444326014552
0.10003052159564546,0.6999099473897227,0.10003070026322876,0.10002883075140315
0.039514649205654895,0.8814651523650826,0.03951564061234275,0.03950455781691973
0.09623350983410722,0.7112993567774394,0.09623352137722085,0.09623361201123247
0.07166126558212942,0.7850163969325902,0.07166130301303475,0.07166103447224569
0.022012896790439603,0.9339643588544898,0.02201355533632273,0.022009189018747852
0.053935713192001904,0.8381628538080961,0.053936810339591065,0.05396462266031093
0.0458530516317266,0.8624568148336079,0.045854465802892104,0.045835667731773375
0.11154464168559171,0.6653661670527976,0.11154460875348231,0.11154458250812836
0.028001766434728757,0.9157764311548061,0.02800287775749909,0.02821892465296606
0.03522229637302574,0.8943248830180771,0.035222691056590816,0.03523012955230635
0.02619876561637671,0.9214077996922683,0.026199143073075998,0.02619429161827895
0.04098988930370115,0.8770385399018047,0.040990856580735854,0.04098071421375817
0.05593571346940202,0.8321940809188865,0.05593586008533855,0.0559343455263729
0.05177345229477548,0.8446891410263061,0.051785902176576,0.05175150450234256
0.11867273508671777,0.17403422937147364,0.5886264154834168,0.11866662005839178
0.037903471593183,0.886298732761136,0.037902576716001966,0.03789521892967898
0.04466658037031296,0.8643258433850317,0.04466775788735575,0.04633981835729958
0.03854702364301856,0.8832571267728162,0.03854800368790429,0.03964784589626084
0.05063410894557952,0.848102175000382,0.05063415173965381,0.05062956431438453
0.025795636284755383,0.9226201195789684,0.025795872893972387,0.02578837124230406
0.04368364516506243,0.7535370845034851,0.043684702302015606,0.15909456802943694
0.06935179092170697,0.7919445023819042,0.06935206966646916,0.0693516370299196
0.06546597014542813,0.8036069401528787,0.06546642343536256,0.0654606662663306
0.030818298452085516,0.9079116956236116,0.030646807893572114,0.03062319803073073
0.0385774011622125,0.8842173541830364,0.03862710830206456,0.038578136352686566
0.059599409534283214,0.8210620548208596,0.059622876906440546,0.05971565873841656
0.07568786027710014,0.7729434771633029,0.07568864393152751,0.07568001862806945
0.03678572357592677,0.8897002814322656,0.036840728220696596,0.036673266771110935
0.09228355195221455,0.7231493700811803,0.09228355210754126,0.09228352585906374
0.08305423964228008,0.750838493285705,0.0830543791380991,0.08305288793391591
0.06806663427490788,0.7958002712675162,0.06806689669033122,0.06806619776724471
0.10373844049997434,0.6887846594954857,0.10373843514609422,0.10373846485844558
0.038290950926092304,0.8848687241147836,0.03829515858714768,0.038545166371976275
0.04299719632510279,0.8709738145579455,0.042998802224518164,0.04303018689243347
0.06858317189190122,0.6731383271457316,0.18983537627474442,0.06844312468762262
0.039379389251093445,0.8818321571223525,0.039380148834827246,0.03940830479172689
0.059008028927306444,0.8229808366835216,0.059008541130286425,0.05900259325888559
0.07550877559299127,0.6175494414424836,0.07550935914232215,0.231432423822203
0.043846590631394386,0.8684638403019698,0.04384763676554519,0.0438419323010907
0.03161256059828932,0.9051461116124182,0.03162269104076088,0.03161863674853138
0.0464163006833305,0.8602739914739543,0.04641728368651192,0.04689242415620331
0.09820086334380802,0.7053975698125756,0.09820099098026189,0.09820057586335453
0.050188312797356215,0.8486010622549802,0.05018913876362009,0.05102148618404338
0.06112266379918912,0.8166376006930595,0.061123214590673276,0.06111652091707798
0.03694304304890728,0.889160769610033,0.03694278888205028,0.03695339845900944
0.06028167045749777,0.8191674093065611,0.060283123749023136,0.06026779648691782
0.06413892335956886,0.8072913521988865,0.06414035671026938,0.06442936773127522
0.05129592908560405,0.6388917001217377,0.05129424778557712,0.25851812300708116
0.03497887383987751,0.8950723952276326,0.034980344454623995,0.03496838647786591
0.06942836423510758,0.7917192934091752,0.0694289687174454,0.06942337363827189
0.07120822225920867,0.7863869357580299,0.0712033844795556,0.07120145750320586
0.03611475138543381,0.8916726815738469,0.03611237564131308,0.036100191399406206
0.06349964949543371,0.8095118821803506,0.06350008035604192,0.06348838796817372
0.5833709182029412,0.3511776351627376,0.032727451457056765,0.03272399517726452
0.0233042529406903,0.9300760494020505,0.023305503436613598,0.023314194220645575
0.035828932557018967,0.8924914320436305,0.03583031393742551,0.03584932146192502
0.0781162448008108,0.7656571712593537,0.07811724534372766,0.07810933859610783
0.06895014185522445,0.7931043743798927,0.0689989338709964,0.06894654989388649
0.11520231551178163,0.6543963753550357,0.11520082849195343,0.1152004806412294
0.04331288755225643,0.8700763784435971,0.043314580728182124,0.043296153275964346
0.11866606515963965,0.644020177722833,0.11866809955746561,0.11864565756006182
0.0796189796504742,0.7611477253862508,0.07961949874876129,0.07961379621451373
0.04231399462333598,0.873077970999515,0.04230981057477102,0.0422982238023779
0.09773873930709305,0.7047058220400064,0.09773874805896841,0.09981669059393224
0.047766626741898084,0.39153118565683337,0.04776674086090046,0.5129354467403681
0.0370027881845432,0.8886212992366055,0.037339961452184774,0.03703595112666654
0.11579787255216394,0.6526071073770954,0.11579796382083857,0.11579705624990215
0.03821061566095605,0.8853760645851146,0.038211483414489364,0.038201836339439896
0.02956800431676256,0.9094043057555654,0.02957212183696294,0.031455568090708985
0.04546942917601925,0.8635931323451786,0.04546960479124834,0.04546783368755385
0.05104233683844683,0.8458982650998145,0.05104398800387337,0.05201541005786528
0.022954460897524905,0.9311367774154031,0.022958923167509013,0.02294983851956295
0.052142999022881414,0.39878236617030377,0.05214408495050817,0.4969305498563065
0.2625142582450469,0.5603648831412016,0.08856099737105273,0.08855986124269875
0.1250007191258215,0.6249978230368171,0.1250006678001802,0.12500079003718118
0.04838397023551872,0.8548495459079444,0.048384110217982314,0.04838237363855463
0.027163369716962645,0.9185298335502029,0.027167533036650097,0.027139263696184288
0.1250007191258215,0.6249978230368171,0.1250006678001802,0.12500079003718118
0.07348400253894824,0.7795507461495071,0.07348391307988339,0.07348133823166123
0.05710350342202242,0.30567842931609013,0.05710375982091499,0.5801143074409726
0.05472935713593711,0.8358187123882803,0.05473062504055907,0.05472130543522371
0.1250007191258215,0.6249978230368171,0.1250006678001802,0.12500079003718118
0.07157283218324223,0.7852822936720764,0.07157317669079499,0.07157169745388627
0.07078939928042668,0.7879436225598493,0.07065354459400665,0.07061343356571742
0.05350997810199758,0.8394800011417864,0.053511448081027965,0.053498572675188164
0.031986383055106586,0.904081222793161,0.031971100867512,0.031961293284220295
0.06647550839524836,0.8005828347151248,0.06647650034318381,0.06646515654644304
0.052726155302678886,0.7252990608527532,0.052726815200277284,0.1692479686442905
0.09930858826722132,0.7020773093523838,0.09930752340231479,0.09930657897807993
0.07762851189842034,0.767116293363347,0.07762835802100428,0.07762683671722842
0.05706753672989425,0.6704979067779858,0.05706778690230001,0.21536676958981996
0.013177544187657094,0.9604673343044375,0.013195913215009921,0.013159208292895463
0.05684997246830998,0.8294512514614514,0.05685003187166099,0.05684874419857754
0.05180437970705883,0.37537862730765337,0.051615947107966166,0.5212010458773216
0.04746800305898554,0.5349161755383773,0.04746806481428912,0.370147756588348
0.08122007422575948,0.7563390263529006,0.08122038341203805,0.08122051600930184
0.0374903733606261,0.8874824482939194,0.03750643663685836,0.037520741708596046
0.03639415337112937,0.8908295526062847,0.03639547387476454,0.036380820147821354
0.0188745339037665,0.9433805904214878,0.01887812323863737,0.018866752436108275
0.05516601975853032,0.8345041379109611,0.055166380275757244,0.05516346205475116
0.05708774042140218,0.828737974262816,0.057087877792238576,0.05708640752354325
0.03245724184795099,0.9026411508405626,0.03245364698369039,0.03244796032779611
0.027743882175087272,0.9166287153590947,0.02790799944005644,0.02771940302576152
0.44309807897096676,0.36309582062353274,0.09690899629583496,0.09689710410966558
0.0531714470199953,0.8404998946928056,0.05317306745725065,0.05315559082994847
0.07986764386056186,0.7604016759178178,0.07986811425524379,0.07986256596637646
0.03666050792962452,0.8900201533889454,0.036660852781321515,0.036658485900108666
0.023926907763792315,0.6712114690992124,0.2809268540417944,0.023934769095200807
0.057648110707749195,0.8344682928602045,0.05394683008320968,0.05393676634883653
0.04535517406157693,0.8639438050909302,0.04535641877503589,0.045344602072456955
0.11809686831080565,0.17931398588471073,0.11814013657927902,0.5844490092252047
0.13215664419818607,0.7562036921869368,0.05582467203135432,0.05581499158352269
0.04883369924370986,0.8534251500330927,0.0488337319459971,0.04890741877720034
0.11078552913051154,0.6676458630943511,0.11078579114003512,0.11078281663510206
0.06641624101389745,0.8007554418083056,0.06641681332391221,0.06641150385388467
0.04158474802632943,0.8751820041184073,0.04158493654007163,0.04164831131519166
0.03855488156198569,0.8843119872357073,0.03855581198898233,0.038577319213324815
0.0540730072926133,0.8377879646772687,0.05407485373966565,0.05406417429045249
0.07699214190375854,0.769023576519198,0.07699224518731622,0.07699203638972739
0.09636565181060665,0.7109030158407675,0.0963656486573855,0.09636568369124032
0.058941977650260165,0.8231758015771733,0.058942214874146644,0.058940005898419794
0.042550892685188496,0.8723104654778332,0.04255111592342005,0.0425875259135583
0.03199636981934915,0.9040192356924215,0.03199827169426709,0.031986122793962214
0.09782062308762866,0.7065377822330507,0.09782063109714623,0.09782096358217425
0.11500592771489546,0.6549827191311924,0.11500597516937419,0.11500537798453801
0.07908600753542736,0.7627441960478764,0.07908625886429371,0.07908353755240272
0.04079180662816919,0.8776330223384744,0.040798459660219256,0.04077671137313719
0.07669946321669088,0.7699015903404586,0.07669948107141594,0.07669946537143445
0.07850692017856693,0.7644808998547026,0.07850712915773977,0.07850505080899066
0.03091279111015699,0.9071380691122044,0.03090932081618555,0.031039818961452966
0.08170482823791146,0.7548856006952094,0.08170480944669675,0.08170476162018225
0.030582257760501195,0.9082459211611457,0.03059407534908873,0.030577745729264545
0.023380860147518535,0.9298599967536568,0.023382129625338553,0.02337701347348608
0.082959414605431,0.7511230335690178,0.08295886207537627,0.08295868975017477
0.043846590631394386,0.8684638403019698,0.04384763676554519,0.0438419323010907
0.03931096585353542,0.8820453338726209,0.0393130471915374,0.03933065308230634
0.049426316289680076,0.8517218197742459,0.049432353656249796,0.049419510279824184
0.05262157540751024,0.8421374287412067,0.05262246840834485,0.05261852744293832
0.017617349184862893,0.9472191026217418,0.017596394374347103,0.017567153819048234
0.05899995646834345,0.8230057287874557,0.05900069910180648,0.058993615642394276
0.09255440695790693,0.7223489880685215,0.09255576857030927,0.0925408364032622
0.03483142855794743,0.8954973179397245,0.03483181879596112,0.03483943470636689
0.054227107140643306,0.8372616234298758,0.0542269252829268,0.054284344146554274
0.024854666654327735,0.9254184532173247,0.024855196016323085,0.024871684112024322
0.04448162810140497,0.866563577947791,0.04448618927642617,0.04446860467437795
0.11761881141722069,0.6471525457464745,0.1176198176666691,0.11760882516963575
0.05299138540119573,0.7943826172476637,0.05299301311314654,0.09963298423799408
0.06263948042486814,0.8120819108415911,0.0626395471984558,0.06263906153508496
0.35612969952389,0.47074626908937484,0.08656554652028299,0.08655848486645223
0.06831648894270952,0.7950551874493956,0.06831700975817513,0.06831131384971971
0.05959608896355269,0.8212137228334289,0.059597481321461254,0.059592706881557087
0.07213796452418346,0.7835868317414542,0.07213797593230643,0.0721372278020558
0.02591755002241109,0.5231221482883148,0.025919801343892462,0.42504050034538154
0.059023298538964625,0.8229357379032268,0.059023751461530265,0.059017212096278235
0.1122074613335425,0.6579395250508944,0.11220748330098787,0.11764553031457525
0.030120992865410423,0.9096435112278659,0.030121892691897526,0.030113603214826173
0.05581197296691141,0.22960502373412697,0.055813714232273264,0.6587692890666883
0.034853324469269586,0.8954462961757989,0.03485490609831301,0.03484547325661861
0.02026128694880514,0.9388337594354333,0.020262218627265738,0.02064273498849572
0.0821965860798767,0.7534114161620507,0.08219682447735968,0.082195173280713
0.06556014465221412,0.466724487081551,0.06556133347618383,0.40215403479005113
0.0897206573925297,0.7308386044715026,0.0897206170195311,0.08972012111643657
0.06858219176457278,0.7942602722507709,0.06858294360262579,0.06857459238203059
0.05900507728764457,0.8224245227813191,0.05900540307985496,0.05956499685118143
0.11509745638154746,0.6547024981774543,0.11509766262734937,0.11510238281364898
0.03269870560923921,0.9019090100336404,0.0326992730621151,0.03269301129500522
0.023009508612512546,0.930974366552435,0.023010828842074796,0.023005295992977542
0.020070467424461128,0.9397761297542738,0.020085424644195198,0.02006797817706991
0.03542074724397198,0.8920515788272539,0.03543184520590703,0.037095828722867236
0.05733698252904031,0.8279947862192526,0.057337584989717104,0.05733064626199013
0.03827367006554343,0.8851823492179053,0.03827382424942012,0.038270156467131076
0.05279633458942991,0.8416233100125097,0.05279771662435164,0.052782638773708805
0.03209032823964704,0.9037349531936132,0.0320911577146008,0.03208356085213897
0.06572209830105316,0.8160289578781926,0.05906217209694425,0.059186771723810185
0.02679298652004628,0.9197197912635336,0.02675407130107134,0.02673315091534855
0.1170551691282892,0.6488369181084298,0.11705550916657997,0.11705240359670112
0.027199849854967643,0.9184043640817369,0.027201584217566462,0.027194201845729054
0.05043247632373259,0.848703446730029,0.05043398413583218,0.05043009281040631
0.5843521650320064,0.17960528144302548,0.11802336017977669,0.11801919334519144
0.04438499707641266,0.866856917549104,0.04438794995066295,0.04437013542382022
0.05321847268693215,0.8403451188766091,0.05321857231758736,0.05321783611887142
0.026884522892613037,0.9193509492272933,0.026885343396324157,0.02687918448376946
0.062389052362935744,0.8082822724456202,0.06239153354952907,0.06693714164191476
0.08029953688990978,0.7591014508143621,0.08029954087944306,0.08029947141628507
0.0716374470693998,0.7850891724337297,0.07163708745506253,0.07163629304180788
0.04558965412543194,0.8632371648181764,0.045590313497353194,0.04558286755903852
0.0980473887678197,0.7058591186895149,0.09804686706444296,0.09804662547822239
0.11600783726403134,0.6520233981086938,0.11598508284668219,0.11598368178059255
0.07499776834133684,0.7750068706943736,0.07499782211938877,0.07499753884490082
0.038192654847198824,0.8852717696201726,0.03819323204396832,0.038342343488660106
0.026947579729377835,0.9189746570454208,0.026948243043469357,0.02712952018173204
0.09051274725089228,0.7284703805929383,0.09051378798362608,0.09050308417254337
0.11463632605196611,0.6560908800292566,0.11463635201567329,0.114636441903104
0.1064606454645741,0.6806260129734898,0.10646152964034725,0.10645181192158876
0.026115270989976798,0.9216645302393156,0.026116247885744848,0.026103950884962753
0.4432036377797929,0.413091981709541,0.07184804686145302,0.07185633364921319
0.07010480775978707,0.5101719952689696,0.07010492592620794,0.3496182710450353
0.062170892079354965,0.8128867066793631,0.062169180335151474,0.06277322090613044
0.03104690255095499,0.9068631128899954,0.03105697134500398,0.031033013214045668
0.018923241721606105,0.9431029638123596,0.018924842005053146,0.019048952460981282
0.06481392037737878,0.8055591253622918,0.06481402154005977,0.06481293272026961
0.08219715588828809,0.7534084702024151,0.08219722087217723,0.08219715303711947
0.020695795076051137,0.9381389130402424,0.020589734656001207,0.0205755572277053
0.0772170641534119,0.7683511044881977,0.07721654939253639,0.07721528196585412
0.04326683857501655,0.8702032433921258,0.04327434053769468,0.04325557749516293
0.09800887464482261,0.7059735769110622,0.09800885821315246,0.09800869023096266
0.04997803353969164,0.850065169147399,0.0499817529852085,0.04997504432770083
0.09890246572046071,0.7032924054514673,0.09890264542749967,0.09890248340057232
0.04716546197457625,0.8585183458259806,0.04716716150464802,0.04714903069479528
0.08442562008781404,0.7467270665182828,0.08442606891576368,0.08442124447813948
0.06675586126159612,0.7996078695720603,0.06675736851227779,0.06687890065406568
0.05667631951974139,0.8299780785141919,0.05667623859661424,0.05666936336945228
0.054293487871085774,0.8371230921425704,0.054293878202793314,0.05428954178355042
0.04519237552917737,0.8644291003880543,0.045193141886625564,0.04518538219614274
0.090138010687147,0.7295899998717417,0.09013849175619446,0.09013349768491688
0.0653609664958791,0.803928091775177,0.0653625050283168,0.06534843670062716
0.020581254271481803,0.9382604594777638,0.02058173520429583,0.02057655104645844
0.05710290557269824,0.8286988545986066,0.05710341853003406,0.057094821298660996
0.11867863835911006,0.17403049005570392,0.11867920340309614,0.5886116681820898
0.04290020515606934,0.8713216465728862,0.04290153514713823,0.04287661312390613
0.30577794458676427,0.5795224288042207,0.05730010066372702,0.05739952594528796
0.046800246024998736,0.38660504544622715,0.04680027485855881,0.5197944336702152
0.06887767219124748,0.7733740153425762,0.06887807090854571,0.0888702415576306
0.07875865705180955,0.7637345921110789,0.07875481744922996,0.07875193338788158
0.02934908007191187,0.9127818286858193,0.028942085088075397,0.028927006154193465
0.04473928969617246,0.6083115686319884,0.04473990043250388,0.30220924123933524
0.03675018017965208,0.8897546026808,0.036750791135212534,0.036744426004335355
0.10450681296723775,0.6864857012425558,0.10450749172976781,0.10449999406043876
0.05740856668399105,0.24944962268095922,0.057408799463820076,0.6357330111712298
0.0738178028432638,0.7785525451830096,0.07381845557905775,0.07381119639466889
0.08325136639191211,0.7502461717265739,0.0832515472817921,0.08325091459972188
0.04834422626564784,0.8549896246445036,0.048346683042152665,0.048319466047695867
0.1019623844844007,0.6941155248724722,0.10196269752173663,0.10195939312139052
0.11786191109315945,0.6464201499675025,0.1178625599843713,0.11785537895496678
0.06184215844243593,0.8144848544859438,0.061843394480127566,0.061829592591492816
0.024949371473496094,0.9251679670377364,0.024947086081798932,0.02493557540696855
0.053969880422014456,0.8380929638179125,0.053970174226336154,0.0539669815337368
0.06495344229915656,0.6585144083197036,0.06495357020671716,0.21157857917442266
0.03647580128424488,0.8905921772762285,0.03647873853211912,0.036453282907407514
0.09829955490671607,0.7051013060049033,0.0982997535659923,0.09829938552238839
0.1015393348206265,0.6953820210927434,0.10153932789069911,0.1015393161959309
0.06063620543750525,0.27058902497101883,0.060636778428128583,0.6081379911633474
0.04679613346734123,0.27892407910533956,0.046798510226890216,0.6274812772004289
0.07153354853215887,0.7852392928799912,0.07153430938498116,0.07169284920286886
0.024319892223691394,0.9270310203345606,0.024320347365047627,0.024328740076700488
0.05830931831841005,0.8250717716303048,0.05830956226890044,0.05830934778238478
0.05891728012719059,0.8232581506744139,0.0589177293977507,0.05890683980064474
0.05789293807151078,0.8263283682490962,0.057893748299573444,0.057884945379819586
0.07675185763693894,0.7697476745075655,0.07675192106679785,0.0767485467886977
0.02225297678107643,0.9333126916366976,0.02222750268272659,0.022206828899499362
0.03369380808225814,0.8989269756398188,0.033694853214637846,0.03368436306328528
0.08018584004845816,0.7591754370167517,0.08018667428365886,0.08045204865113124
0.04932593286738311,0.2710945290014172,0.04932622089454862,0.630253317236651
0.06612652015289214,0.8016188716633111,0.06613611898942161,0.06611848919437516
0.028627395733284156,0.9141178590579822,0.02862932929077436,0.028625415917959196
0.061727820831004886,0.8148228849004662,0.06172856855857713,0.06172072570995164
0.032487658776833746,0.9025464416562871,0.032488698457489994,0.03247720110938911
0.054784933158961754,0.8337863826889487,0.05478588318692239,0.05664280096516721
0.07444496141117213,0.7766705205283652,0.0744460165255928,0.07443850153486992
0.06919042881473551,0.792430341888674,0.06919042519269272,0.06918880410389773
0.06153304188186668,0.4128623263111989,0.06153303339869894,0.4640715984082354
0.07299526386649079,0.7810212083548095,0.07299586403410947,0.07298766374459033
0.10131014719249797,0.6960771996870139,0.1013110512878141,0.10130160183267399
0.08023065948201,0.7593104854094567,0.08023091980256959,0.08022793530596375
0.06095173706851485,0.8171512953087677,0.060952601736272136,0.06094436588644535
0.03682346603272745,0.8895415252033084,0.03682363350435552,0.03681137525960863
0.017744384811039658,0.9457633938116053,0.0176952972929235,0.01879692408443146
0.05415026852287178,0.8375605850183491,0.05415164142329504,0.05413750503548416
0.07504436502771353,0.7748671880245082,0.07504436603991244,0.07504408090786596
0.032746873093319466,0.9017740328660723,0.03274869712724837,0.03273039691335983
0.033715805513104574,0.8988609293719768,0.03371695095336009,0.03370631416155851
0.05547549863944292,0.8335526344070375,0.055475820913991815,0.055496046039527645
0.08087613232601612,0.34276267304548574,0.0808745721802951,0.495486622448203
0.059089427297604184,0.4070714236924961,0.05909027318331152,0.47474887582658803
0.04273655918819085,0.8717960100177308,0.042737200396492724,0.04273023039758558
0.042500392146976686,0.872499384329003,0.04250228173564581,0.04249794178837451
0.33292689745383397,0.496042661616757,0.08522748269848013,0.08580295823092897
0.051082079889533887,0.8467714868023909,0.05108396712189607,0.051062466186179024
0.03595291463187089,0.5881361599526668,0.03595230960536189,0.3399586158101005
0.08108671660130158,0.7567400249922315,0.08108673804230541,0.0810865203641617
0.09097321299685286,0.25263581579178446,0.5654257500248941,0.09096522118646845
0.05097458817839766,0.8469646804130789,0.05106545810899375,0.05099527329952978
0.05069345777597683,0.8472214025134459,0.050693195112505966,0.05139194459807129
0.11154464168559171,0.6653661670527976,0.11154460875348231,0.11154458250812836
0.05493587557086471,0.8352040405092457,0.054944033155900796,0.054916050763988776
0.05859232035264951,0.8237210776500989,0.058590907535774096,0.059095694461477485
0.047190571235929894,0.8583292897217932,0.047191617557110245,0.04728852148516655
0.0678126894051776,0.796439017853253,0.06781358727564783,0.06793470546592148
0.0794412385343139,0.7616772748624624,0.07944184393425703,0.07943964266896675
0.04926370176152359,0.8505716393495957,0.04926385095297915,0.05090080793590163
0.03176894624462699,0.9040618951589023,0.03177289459981426,0.03239626399665652
0.02240847310461268,0.932790640528521,0.022401064456131208,0.02239982191073514
0.41938650286691304,0.430278201563156,0.07517029641025993,0.07516499915967108
0.10814087421006159,0.6755777401129295,0.10814073555474384,0.10814065012226506
0.11456834623604588,0.6562948955436494,0.11456848468446847,0.11456827353583626
0.022954489658963798,0.9311415793594827,0.022955130471396294,0.022948800510157165
0.03807623874553018,0.8857790303317175,0.03807715868758096,0.03806757223517139
0.11355149604689145,0.6593451200545786,0.11355149339144563,0.11355189050708445
0.034052721122108415,0.8978119386822426,0.03405327876128436,0.03408206143436464
0.02198790509810341,0.9340532579507848,0.02198276152082852,0.021976075430283418
0.04890635770436419,0.20613787511689122,0.04891202580615836,0.6960437413725862
0.05051670954221761,0.848456879629801,0.050515714158673744,0.05051069666930758
0.04506561715970002,0.864776557252311,0.04507091712566349,0.04508690846232555
0.055888276110420756,0.8322580369609283,0.05588837444880346,0.055965312479847484
0.056494674449791574,0.256746609485971,0.05649587254684838,0.630262843517389
0.0606870236273217,0.8179395062761678,0.06068705898451319,0.060686411111997254
0.08925088257076846,0.7322473820253947,0.08925078363122962,0.08925095177260715
0.05338178958875174,0.8398214807963231,0.053383390349978195,0.05341333926494698
0.028068819346151568,0.9157976332323653,0.02807106180693579,0.028062485614547262
0.02690960965931017,0.9192881306510992,0.026901228392644933,0.02690103129694581
0.06492375861301912,0.805239736840202,0.06492527758243925,0.06491122696433956
0.026132956272637526,0.9216014801403889,0.026134006732863795,0.02613155685410981
0.08029918421452603,0.7591176481212126,0.08030088398200382,0.0802822836822576
0.0398336976141303,0.8805219442447122,0.03982469011877892,0.03981966802237845
0.04103403238007916,0.8769042060401966,0.04103473476283118,0.041027026816893145
0.08133633680250264,0.7559910404480097,0.08133644383939341,0.08133617891009418
0.05318473925944448,0.8404460346992477,0.05318480937302615,0.05318441666828173
0.028276436172599395,0.9151908296376757,0.028268342375606256,0.028264391814118477
0.09636565181060665,0.7109030158407675,0.0963656486573855,0.09636568369124032
0.07198139429306978,0.7840563712789339,0.07198135417239494,0.07198088025560136
0.49756166957702697,0.43520752751843556,0.03362014617556104,0.033610656728976486
0.03134801965699564,0.9059655950435053,0.031349136619442414,0.031337248680056703
0.02607077077062882,0.531009877844296,0.02608680566055103,0.4168325457245242
0.07282096985330114,0.7815446944439081,0.07282196660059741,0.07281236910219334
0.07773642672615524,0.7667913050210629,0.07773650787362413,0.07773576037915765
0.04945662576381487,0.8516323703965424,0.049457846702741635,0.04945315713690104
0.043555976829354436,0.8693136546956662,0.04355680133037649,0.04357356714460262
0.062217246408025034,0.6588136178595277,0.062217356659341715,0.21675177907310572
0.11431295411097464,0.657061113941982,0.11431296907654233,0.11431296287050088
0.042219082191931656,0.8718293039055743,0.042222443830250415,0.04372917007224373
0.03496998272406417,0.895083599105491,0.03497131811771702,0.034975100052727845
0.021265359245178733,0.9361227456106175,0.02126771257293405,0.02134418257126988
0.0341518457529672,0.8975379831525546,0.034152664131665046,0.03415750696281316
0.0387422759718629,0.8833263612918519,0.03875097371943508,0.03918038901685012
0.057586706924322405,0.827268483881257,0.05759424433108697,0.05755056486333362
0.044102335104205734,0.8676942835855824,0.044102751895385366,0.04410062941482649
0.07382850811869279,0.7780972107530186,0.07382867596983993,0.07424560515844865
0.06312608391983902,0.7120968342783778,0.06312652118503129,0.16165056061675184
0.05975902926318967,0.07283738027644292,0.059759056225298805,0.8076445342350687
0.11223236388668974,0.6633023339299982,0.11223221717635379,0.11223308500695837
0.1155404661407077,0.6533777587861019,0.11554236449774138,0.11553941057544884
0.039996982725644614,0.8800208873337904,0.0399983684393593,0.039983761501205826
0.08838832351393532,0.7333554453839316,0.08838822626862751,0.08986800483350557
0.036935096540933375,0.8891999248775319,0.036936180651375106,0.03692879793015962
0.07989565467028706,0.23450428081693436,0.07989665939537376,0.6057034051174048
0.021556469415534147,0.9352076350337499,0.021559189225653662,0.021676706325062235
0.04743963220612379,0.8574451039073753,0.047674360055698015,0.04744090383080303
0.03273875962826435,0.9017862221914416,0.032745373745895034,0.03272964443439909
0.054002291563319864,0.8380018106284342,0.05400378707903953,0.053992110729206344
0.1122074613335425,0.6579395250508944,0.11220748330098787,0.11764553031457525
0.02864266279197089,0.9137317476300628,0.028984265937904718,0.028641323640061632
0.08313773124793346,0.7505865850282729,0.08313776600457864,0.08313791771921494
0.4539781198944332,0.35341892968317346,0.09630335544845832,0.0962995949739351
0.03610978766765366,0.8916713039434594,0.03611024446655466,0.03610866392233232
0.06269784194912144,0.8119062694085101,0.0626978899283984,0.06269799871397014
0.08329038134085243,0.7501288460443015,0.08329054392846419,0.08329022868638193
0.048419465189602516,0.8547525717629655,0.048421291066021444,0.04840667198141063
0.045498439736182957,0.8632941584545789,0.04550058664679354,0.04570681516244463
0.029448272002206042,0.9116062459235913,0.02945034358896345,0.029495138485239297
0.030809422342749068,0.9074844398658147,0.0309006056435877,0.030805532147848473
0.1250007191258215,0.6249978230368171,0.1250006678001802,0.12500079003718118
0.0336433002368665,0.8990756403229576,0.03364370373238063,0.03363735570779527
0.06966539226476325,0.7910137496180445,0.06966649445205797,0.0696543636651343
0.5825625837729452,0.1823955765300578,0.11752169374991352,0.11752014594708354
0.060201523875684095,0.8193964433377487,0.06020171411541944,0.06020031867114772
0.11577197035229937,0.6526848264878332,0.11577204557308146,0.11577115758678576
0.04770227327281812,0.8568958451714613,0.04770254692943873,0.047699334626281543
0.0520724110505369,0.8437887697399017,0.052073117129588474,0.05206570207997304
0.056150224410533064,0.7462165572889679,0.05615094231447761,0.14148227598602164
0.05158060461247088,0.845262781175272,0.05158112215785221,0.05157549205440485
0.03296794487503715,0.901106292064252,0.032969075767917494,0.03295668729279337
0.07878875098345116,0.7636448035007333,0.07878997517226784,0.07877647034354768
0.026325053236214604,0.9208513350748393,0.026326159463202693,0.02649745222574346
0.07226350012074602,0.7832102314745089,0.07226391383975461,0.07226235456499049
0.08883401090756175,0.7334989200962923,0.08883412399862188,0.08883294499752409
0.024479340438510952,0.9265459594511223,0.02447968127974764,0.024495018830619254
0.058938237852370005,0.8232228353163654,0.0589251929052904,0.05891373392597421
0.05445401019703041,0.4669861348233746,0.05445414003539035,0.4241057149442045
0.021195418984915147,0.9364035136955566,0.021196461259512585,0.021204606060015667
0.11377210780906287,0.6586849731162774,0.11377149108865792,0.11377142798600187
0.02416194737267971,0.926768510185106,0.02416379549670782,0.02490574694550644
0.11154464168559171,0.6653661670527976,0.11154460875348231,0.11154458250812836
0.10810109826843375,0.6756966840090752,0.10810110370559321,0.10810111401689784
0.0839818005916617,0.7480589413006479,0.08398224707884169,0.08397701102884884
0.08863017415010595,0.7341105154569864,0.08863028765317381,0.08862902273973405
0.059116701199587736,0.8226534497046968,0.059115849409700834,0.05911399968601468
0.07640332365582235,0.7707895911400499,0.07640361929081005,0.07640346591331759
0.06145275284218325,0.8156849978715083,0.0614343317926029,0.06142791749370553
0.07686342898861406,0.7694107055065921,0.07686335788095942,0.07686250762383443
0.11799262995342141,0.6460285891405165,0.11799334515109468,0.11798543575496741
0.45689125609566006,0.4063665745393745,0.06837705119519992,0.06836511816976548
