P(topic 1),P(topic 2),P(topic 3),P(topic 4),P(topic 5),P(topic 6)
0.03072630716680289,0.030726270140383847,0.030726177778197864,0.846368713492336,0.030726259723251666,0.03072627169902776
0.021809835727672592,0.021809802677752472,0.021809719604880238,0.8909510447290839,0.021809793365261163,0.021809803895349627
0.013404619486129934,0.013404550325672306,0.01360742576150555,0.9327743194238324,0.013404531369721508,0.013404553633138335
0.01678174837615041,0.016781717030375655,0.016781639325799635,0.916091468633084,0.016781708268490535,0.016781718366099933
0.018150962125753296,0.018150948932588735,0.018150917224886886,0.909245276897559,0.018150945331855583,0.018150949487356363
0.035153148159056916,0.03515313265419946,0.035153091712261886,0.8242343674698781,0.035153127379689314,0.03515313262491429
0.022116689702685963,0.022116686378225253,0.022116678143420696,0.8894165736912608,0.02211668547586244,0.022116686608544833
0.021829677028264074,0.021829669779105783,0.021829651729859564,0.8908516636439625,0.021829667733765268,0.021829670085042892
0.021486430342708637,0.021486419123818393,0.021486391233794803,0.8925679237138854,0.02148641596954412,0.0214864196162487
0.02495491315563798,0.024954909106451376,0.024954899132668355,0.8752254613535679,0.024954907984808643,0.02495490926686566
0.026606531896264128,0.026606504876463558,0.026606438594679427,0.8669675208933193,0.026606497724482182,0.0266065060147915
0.017788631199418647,0.017788620823814848,0.017788594988857626,0.9110569133766105,0.01778861833716927,0.01778862127412914
0.021989431689557522,0.021989425454225223,0.021989412958551873,0.8900528805494531,0.021989423661996847,0.02198942568621551
0.01822489293120662,0.01822486332193219,0.018224789740831037,0.9088757344099886,0.01822485500189629,0.018224864594145407
0.02098669926286054,0.02098668423907506,0.020986647354611934,0.895066604233457,0.020986680065779792,0.02098668484421564
0.01915610692270748,0.01915609142628633,0.019156050839051475,0.9042195729011431,0.019156086362599523,0.019156091548212132
0.02886098092654431,0.028860978847962602,0.028860972182778544,0.8556951118300226,0.028860977690882018,0.028860978521809848
0.024643738333429057,0.02464373441539785,0.02464372480017791,0.8767813345503236,0.024643733329998866,0.024643734570672784
0.015828352334296976,0.015828309402318826,0.01582820266382475,0.9208585270116045,0.015828297370545034,0.01582831121740992
0.014936517805163732,0.014936485247120145,0.014936399135796306,0.9253176383752869,0.014936474214814126,0.014936485221818762
0.023218020549823446,0.023218015669493507,0.023218003491982123,0.8839099301736075,0.023218014265585302,0.023218015849508073
0.028718594820985033,0.02871858757771906,0.2837060400087402,0.6014196034533187,0.028718585576795776,0.02871858856244121
0.020548293482878163,0.020548289842199596,0.02054828091879402,0.897258556998934,0.02054828878152746,0.0205482899756668
0.01278758205631656,0.012787551285730184,0.012787473986733265,0.9360622842724874,0.012787542452781322,0.012787565945951193
0.02092635458195147,0.020926348143734726,0.020926332145558967,0.8953682703933198,0.02092634632082218,0.020926348414612782
0.02901642654460396,0.02901641993063597,0.29004629683726707,0.5938880176557645,0.02901641810837383,0.029016420923354755
0.025212547636973046,0.025212518898206134,0.3036181695465146,0.5955317329605624,0.025212510850244955,0.025212520107498974
0.019961201728484864,0.019961174258320388,0.019961050009921218,0.9001942686956592,0.019961145582946593,0.019961159724667863
0.02299108896949299,0.022991073072650296,0.022991026361599654,0.8850446737715884,0.022991066014595864,0.022991071810072768
0.02847171016559109,0.02847169610309996,0.028471661142019277,0.8576415436569116,0.028471692189442222,0.028471696742935766
0.02527439951630219,0.02527439532175586,0.02527438499033411,0.8736280305238125,0.02527439415990067,0.025274395487894515
0.018908751471880408,0.018908740274696186,0.018908712355180202,0.905456317908617,0.018908737231904872,0.018908740757721296
0.024335483311529897,0.024335478838648592,0.024335467990797253,0.8783226132034145,0.02433547757448839,0.024335479081121415
0.028686204420512257,0.02868619630240546,0.2827799354042875,0.6024752725025114,0.028686194050689385,0.028686197319593966
0.020122997910479785,0.02012297010347546,0.02012290077603911,0.8993851975816839,0.020122962348141808,0.02012297128017993
0.012131927464438601,0.012131911135165466,0.012131871915166756,0.939340470992398,0.01213190655059793,0.012131911942233176
0.019714769743014206,0.019714754907759525,0.019714717955530186,0.9014262511108871,0.019714750747962483,0.01971475553484638
0.028221237163633714,0.028221229724291055,0.028221209784672335,0.8588938665765781,0.028221227099239563,0.028221229651585338
0.027905380189548724,0.027905367324738764,0.02790533388457769,0.860473187927961,0.027905363184489232,0.027905367488684475
0.023315832354720165,0.023315814679028102,0.023315771019366018,0.8834209567902703,0.02331580970584667,0.02331581545076878
0.024814048518332323,0.02481404066672296,0.02481402110638276,0.8759298102522203,0.024814038456342086,0.02481404099999957
0.02305347411548541,0.023053468271629997,0.023053454108836764,0.8847326683228258,0.023053466662714146,0.02305346851850787
0.024688171221089062,0.02468815877552623,0.024688127105330207,0.8765592045675912,0.024688179211324178,0.024688159119139203
0.01883522796635976,0.01883519112913628,0.01883510060652354,0.9058241065322548,0.01883518077519732,0.01883519299052827
0.028888185545138938,0.028888183464599603,0.02888817678842656,0.8555590887578336,0.028888182306854842,0.028888183137146445
0.02886098092654431,0.028860978847962602,0.028860972182778544,0.8556951118300226,0.028860977690882018,0.028860978521809848
0.020512130178742236,0.020512002148226977,0.02051168002440413,0.6448798417432131,0.273072339171726,0.020512006733687374
0.025832289761814828,0.02583228192361887,0.0258322624494873,0.8708386038477876,0.025832279745117225,0.0258322822721743
0.03234927737556645,0.03234926432351214,0.032349231535717046,0.8382537013884933,0.03234926057376064,0.032349264802950355
0.02867394420237855,0.028673940040340552,0.028673929685862236,0.8566303069646879,0.028673938887749585,0.02867394021898118
0.021937513543894137,0.02193749589093824,0.02193755460990429,0.8903123948195042,0.021937490882015038,0.02193755025374405
0.02000293085767953,0.020002920391587877,0.02000289202979137,0.8999854200170178,0.020002916543111,0.02000292016081245
0.01561602847527398,0.015616006821017922,0.015615952683145758,0.9219200037627941,0.015616000607761133,0.015616007650007023
0.014674240576946726,0.014674195245465338,0.014674082393631844,0.9266291019972472,0.014674182538537762,0.014674197248171195
0.01945741561956071,0.01945740424689417,0.019457375893557314,0.9027129981195069,0.019457401360940714,0.019457404759540147
0.029292744140924212,0.029292743168907467,0.46543552146698847,0.4173935054178595,0.029292742721231408,0.02929274308408904
0.02489782225351553,0.024897817205139946,0.024897804554220342,0.8755109228225452,0.024897815757400066,0.024897817407178956
0.011980626684436146,0.011980615055955119,0.01198090967460274,0.9400966212453084,0.011980611790837417,0.011980615548860244
0.03361946878060833,0.03361945936466748,0.033619435326501836,0.8319027205434782,0.033619456431557636,0.03361945955318667
0.0190929987863547,0.01909299487108104,0.019092985353211668,0.9045350321697548,0.01909299377202522,0.01909299504757259
0.025358695960254606,0.02535868534958163,0.02535865908011388,0.8732065915066579,0.025358682332996124,0.025358685770396017
0.027527262381088394,0.027527257787676614,0.027527246911408433,0.8623637179849674,0.02752725673380223,0.027527258201057028
0.018272626621303693,0.01827262298478051,0.018272612669034422,0.9086368933637,0.018272621497157554,0.01827262286402372
0.022790693955956606,0.022790690668750502,0.02279068249104917,0.8860465523649154,0.02279068972370177,0.022790690795626463
0.02395951742536279,0.023959509775483473,0.02395949085716121,0.8802024642404964,0.023959507617057476,0.023959510084438536
0.02479075212473976,0.024790752258937267,0.024790748372617258,0.8760462454028762,0.02479075074477975,0.02479075109604977
0.023250337125051278,0.023250330801237583,0.023250315487378704,0.8837483565261101,0.02325032900518656,0.02325033105503589
0.026586504627485654,0.026586475476531018,0.026586402968654714,0.867067672933032,0.026586467282667184,0.0265864767116295
0.022353659630982518,0.022353647181736394,0.022353614622391216,0.888231788507982,0.0223536429170936,0.022353647139814265
0.021706201106171837,0.021706193704995283,0.02170617510556858,0.8914690445302902,0.021706191574891776,0.021706193978082305
0.014580474513743379,0.014580454912605161,0.01458040593276428,0.9270977595308657,0.01458044937112198,0.014580455738899378
0.024691387435964763,0.02469137334630072,0.0246913367996993,0.8765431574608388,0.02469137151805029,0.0246913734391461
0.02271771183824055,0.022717706399671127,0.0227176928206925,0.8864114774460343,0.022717704870508698,0.022717706624852722
0.017079666643380013,0.017079870691673032,0.017079564138501133,0.9146016306015591,0.017079629382139763,0.01707963854274696
0.018935602546029186,0.01893557327135456,0.018935503535709997,0.9053221815578951,0.018935564741701487,0.018935574347309577
0.020273942450445077,0.020273913564322982,0.020273841568719943,0.8986304821955122,0.02027390543895108,0.02027391478204876
0.026625375552323867,0.026625370017179247,0.026625356395284048,0.8668731593172291,0.026625368466304557,0.02662537025167914
0.02057446564207406,0.02057445021796561,0.02057441150489453,0.8971277760479169,0.02057444578914446,0.020574450798004587
0.026432502432090492,0.026432498582970122,0.02643248898268601,0.8678375137563109,0.026432497500857754,0.026432498745084732
0.015726060773630132,0.015726041077432414,0.015726003161804347,0.9213698173555118,0.015726035714489953,0.01572604191713132
0.012690737228505502,0.012690710144228482,0.012690678173386595,0.9365464603292702,0.012690702940856868,0.012690711183752361
0.01280148074042065,0.01280143262918494,0.01280131490657077,0.9359927712503946,0.012801466136077697,0.012801534337351367
0.03056547301930479,0.030565468849878045,0.03056545846427779,0.8471726629505559,0.030565467680459403,0.030565469035524085
0.01885232297339862,0.018852300041806287,0.018856914744763094,0.9057338676023207,0.01885229362294162,0.018852301014769816
0.029620061064096172,0.02962003816797039,0.02961998049512846,0.633517263413059,0.029620031633135716,0.24800262522661032
0.2362485565028514,0.02814917415258823,0.028149014813726714,0.6511549219524094,0.028149155639666187,0.028149176938757903
0.030468971413676545,0.03046896674655687,0.03046895518624974,0.8476551741339561,0.030468965442022752,0.030468967077537892
0.024016414885771033,0.024016412630548975,0.02401640726094455,0.5886984233963102,0.31523592909781056,0.024016412728614826
0.024175464789850054,0.024175441202994495,0.024175382378932398,0.8791228348538807,0.024175434571859784,0.02417544220248267
0.023278447455851253,0.023278419057776025,0.02327834829123282,0.6343698920658044,0.023278411073722798,0.27251648205561263
0.022359431541123034,0.022359423330937545,0.022359405813196145,0.8882028946111272,0.022359421022452072,0.022359423681164007
0.029135904458726197,0.02913590147672671,0.4915745338117977,0.39188185833178213,0.029135900452460346,0.029135901468506965
0.019114402244260215,0.019114395594567082,0.01911437901423132,0.904428033545832,0.019114393724795783,0.01911439587631351
0.018454022357927105,0.018454013890327185,0.018453992791313528,0.907729945208012,0.018454011506991358,0.018454014245428856
0.014967774743834317,0.014967760275850102,0.014967724341182029,0.9251612234553214,0.014967756218006794,0.014967760965805372
0.024723062625609596,0.024723043452285202,0.024722997958248477,0.8763848135936717,0.024723038059839123,0.024723044310345953
0.015810957621009057,0.015810930867273042,0.015810865346102418,0.9209453908202382,0.01581092332229356,0.01581093202308385
0.01997679345143361,0.019976786412523696,0.019976769051195616,0.9001160790788559,0.01997678451258206,0.019976787493409302
0.020835281332506592,0.020835266606454596,0.020835229970066125,0.8958236924019388,0.020835262477233885,0.020835267211799846
0.01723468414913567,0.01723466107898928,0.01723460361335585,0.9138267344889259,0.017234654615942663,0.017234662053650623
0.013322078404357639,0.013322038016735607,0.01332198271238375,0.9333898330814708,0.013322026661375955,0.013322041123676059
0.025197454703319362,0.02519742659998005,0.02519735652136736,0.8740129156993147,0.025197418691475404,0.025197427784543144
0.012330978607487192,0.01233097062250364,0.012330950664960543,0.9383451607835206,0.012330968380375769,0.012330970941152224
0.02250025504916356,0.02250024164227439,0.022500208186090435,0.8874987204279959,0.02250033250197425,0.022500242192501387
0.022728767657593425,0.022728756953780727,0.0227287216065854,0.8863562479056892,0.022728750753506836,0.022728755122844526
0.01364460436384212,0.01364458519488347,0.013644537417191457,0.9317771024845091,0.013644579821364985,0.013644590718208865
0.016347851752976626,0.01634784735617945,0.016347836368310872,0.9182607708885175,0.016347846086531746,0.016347847547483717
0.023390937402910927,0.02339092987305932,0.023390911097296976,0.8830453599600026,0.0233909314498171,0.023390930216913117
0.016788517244872986,0.016788512187298626,0.016788499088132833,0.916057448585558,0.01678851058180672,0.016788512312330715
0.011941845789982825,0.011941816160622658,0.011941741540795836,0.9402909718671832,0.011941807439752617,0.011941817201662793
0.012008434707354678,0.01200842966802169,0.01200841709384921,0.9399578571980609,0.012008431418143227,0.01200842991457028
0.01641985834666432,0.01641984266979303,0.016419803335659375,0.9179008142246288,0.016419838164693855,0.016419843258560784
0.016891306229375284,0.01689137624934824,0.01689119550072708,0.9155435805047052,0.01689126560816919,0.01689127590767485
0.029472717159987335,0.02947271593568654,0.5038972223638644,0.37821191330258674,0.029472715393421375,0.029472715844453722
0.020046500386425175,0.020046493535585387,0.020046476425306957,0.8997675441842571,0.020046491602064242,0.020046493866361134
0.022563790208098497,0.022563787031900057,0.02256377915930752,0.8871810702974438,0.02256378613670767,0.022563787166542514
0.02891240665289404,0.028912391838964095,0.02891235485527321,0.8554380663588318,0.02891238767358639,0.02891239262045056
0.027234873202060358,0.027234801084220172,0.14906023415140596,0.7420005063911709,0.02723478079780189,0.02723480437334085
0.019679773803273872,0.019679758283844762,0.019679718869824142,0.9016012366496938,0.019679753655853525,0.019679758737509753
0.02333817879367093,0.023338165926464066,0.023338133771651597,0.8833091922934313,0.023338162765185834,0.02333816644959631
0.020788935483086836,0.020788923231568442,0.020788892696175294,0.896055405044114,0.02078891979114249,0.020788923753912794
0.023292142683693014,0.02329212876482996,0.023292094087383457,0.8835393802552554,0.023292124858187106,0.023292129350651124
0.01945915706224646,0.019459149168026577,0.019459132986171485,0.9027042643682636,0.019459146927766763,0.019459149487525338
0.026588839415100433,0.026588833196269014,0.02658881747531746,0.8670557890275751,0.026588887485336263,0.026588833400401725
0.016029543637375975,0.016029528680612103,0.016029488873249984,0.9198523866082124,0.016029523585043066,0.01602952861550669
0.016835178473751437,0.01683516835915461,0.016835143088488904,0.9158241757971136,0.016835165517808642,0.01683516876368265
0.014152236647966955,0.014152191161476379,0.01415207781180954,0.9292391229975142,0.01415217831599284,0.014152193065240116
0.022440939903888516,0.02244093183781934,0.0224409119163671,0.8877953545431843,0.02244092955863122,0.02244093224010953
0.017129475381562176,0.01712946532829639,0.017129437027187888,0.9143526961907622,0.01712946125272055,0.01712946481947081
0.02808813898180029,0.028088131769664546,0.028088113414135796,0.8595593542468768,0.02808812961511293,0.028088131972409655
0.026486345043962866,0.026486332241691272,0.026486300373644647,0.8675683608876205,0.026486328659570013,0.026486332793510797
0.01761056707189892,0.017610539379167685,0.01761047406864331,0.9119473471087628,0.017610531805921842,0.01761054056560535
0.021956540385810804,0.021956492590782462,0.31304631931409294,0.5991276751751589,0.02195647838503905,0.021956494149116015
0.022963748347861034,0.022963741428991172,0.02296372375329174,0.8851813055436785,0.022963739323927413,0.022963741602250204
0.020469345992389292,0.02046933799719261,0.020469318194131864,0.8976533238175481,0.020469335700723974,0.02046933829801412
0.0290957419820175,0.029095740367790928,0.02909573623585162,0.8545213011675717,0.029095739853189154,0.02909574039357893
0.02264227087804172,0.02264224785806078,0.022642190468172285,0.8867888005763795,0.022642241387705445,0.022642248831640104
0.020061971911205987,0.02006196446789217,0.020061945876549053,0.899690190555562,0.020061962354894734,0.020061964833896148
0.01693379520005442,0.016933778454393304,0.016933736720508345,0.9153311367045053,0.01693377375634382,0.01693377916419473
0.027450538496485637,0.02745052621395304,0.02745049562011077,0.8627473901529222,0.02745052278369684,0.02745052673283152
0.020624100995848757,0.02062409964319463,0.020624096274132468,0.8968795041145255,0.02062409926625307,0.020624099706045597
0.019823428365044644,0.019823418180956814,0.019823393790732915,0.9008829257173696,0.019823415337569,0.019823418608327145
0.014124193090903554,0.014124180107758557,0.014124146563651688,0.9293791238827013,0.014124176020527622,0.014124180334457292
0.02411472359232009,0.024114709808477672,0.024114677261537966,0.8794264730009621,0.02411470595179284,0.02411471038490934
0.01573603472734792,0.01573601810189246,0.01573597678146233,0.9213199382425628,0.015736013442997073,0.01573601870373741
0.029136932299844303,0.029136925277081765,0.02913690776509897,0.8543153857789741,0.029136923305001852,0.029136925573999026
0.02396010795829287,0.02396009549465465,0.023960064417303324,0.8801995441214382,0.02396009198955369,0.0239600960187572
0.01864932066922992,0.018649308926537957,0.01864927959007104,0.9067534757737885,0.018649305615047972,0.018649309425324695
0.020146230330212792,0.020146195988516087,0.020146110517227797,0.8992690793908391,0.020146186334291268,0.020146197438912942
0.01472953839555111,0.01472952555582093,0.014729493629921969,0.9263523943743176,0.014729521945817678,0.014729526098570696
0.02135989599179429,0.021359920270479046,0.021359873601526178,0.8932005325071288,0.021359887778430554,0.021359889850641
0.01950488502221611,0.019504862959895338,0.06513497351340196,0.8568455576391902,0.019504857015097705,0.019504863850198523
0.011910324588832783,0.011910294703958862,0.011910220026099767,0.9404485785316528,0.01191028622739425,0.011910295922061746
0.027320482450774994,0.027320480807170068,0.027320476753808155,0.8633975987458908,0.027320480345802735,0.027320480896553322
0.023582593395904815,0.023582567113302085,0.023582508283570648,0.8820872030150312,0.023582559748311367,0.023582568443879834
0.018194386393284804,0.018194340554769633,0.2617038535370118,0.6655187489654182,0.018194327923508495,0.018194342626007116
0.018815935907249757,0.01881593473695314,0.018815932073050858,0.9059203280766481,0.018815934409424938,0.018815934796673237
0.02499753501110178,0.024997522011019457,0.024997489785186865,0.8750124099887583,0.02499752065348539,0.024997522550448164
0.013443987207779515,0.013444017850256895,0.01344421133309901,0.9327798297776569,0.013443975417328252,0.013443978413879447
0.016609727150785153,0.01660969431953911,0.016609631461134953,0.9169515762262019,0.016609679379167158,0.016609691463171837
0.011805949419923576,0.011805932084952198,0.011805891135511446,0.9409703671300174,0.011805927409247302,0.011805932820348105
0.022174853464718668,0.022174824199508128,0.022174749639619493,0.8891259316941995,0.022174815202004917,0.0221748257999491
0.024910847522902707,0.02491083736842281,0.02491081170510587,0.8754458313360337,0.024910834369720327,0.02491083769781465
0.0152081408456815,0.015208132282578904,0.015208110903172239,0.9239593533020471,0.015208129864847153,0.01520813280167313
0.01977829352820376,0.01977827891863421,0.01977888973160793,0.9011079834743436,0.019778274806586178,0.019778279540624555
0.02631107559840633,0.026311069414822873,0.026311053783261967,0.8684446082176598,0.026311123368061393,0.02631106961778772
0.0199379390453117,0.019937931425586163,0.019937915419691376,0.9003103530238663,0.019937929312167736,0.019937931773376702
0.018932208997190118,0.01893219739988721,0.018932169103780233,0.9053390319338109,0.01893219413709226,0.01893219842823947
0.024665937034988754,0.024665917832634634,0.024665870001838803,0.8766704440478985,0.02466591243560458,0.02466591864703472
0.025982296776118286,0.02598228077704694,0.02598224115499721,0.8700886235588329,0.02598227627892483,0.02598228145407998
0.02779127188456295,0.027791256300455994,0.0277912173962489,0.8610437455739499,0.02779125189994603,0.027791256944836255
0.016215197239666725,0.01621508737464137,0.19132573405823639,0.7438116100955809,0.016215050001861856,0.016217321230012918
0.01483181587348335,0.014831797717600303,0.014831796473100048,0.9258409988237308,0.014831792612083262,0.014831798500002309
0.017922879360341322,0.017922867295709494,0.017922837203273926,0.9103856844260716,0.0179228639060784,0.017922867808525183
0.013113715690605954,0.013113635590965116,0.013115051787535527,0.9344303430976707,0.013113614854276305,0.013113638978946358
0.015627262362663524,0.015627251742749215,0.015627225419575425,0.9218637586724772,0.015627248996326327,0.01562725280620836
0.02049793468519057,0.02049792196778152,0.02049788929076588,0.8975104138277609,0.02049791800053187,0.020497922227969284
0.016442355567995462,0.016442343769624442,0.016442314134197108,0.917788302058653,0.016442340309970334,0.01644234415955948
0.020097062951134313,0.020097042953589425,0.02009699315314694,0.8995147819709642,0.020097037339509738,0.0200970816316554
0.03339002502724472,0.03339002580055428,0.03339002153259335,0.8330498797220544,0.03339002375563375,0.03339002416191953
0.01861623581786188,0.018616188454027537,0.01861615271459395,0.9069190487047398,0.018616183998611566,0.018616190310165266
0.026418520558727312,0.026418504993811102,0.026418466992435104,0.8679075016780639,0.026418500337016256,0.02641850543994637
0.008288931332391588,0.008288883031318087,0.008288762330625485,0.9585556664063715,0.008288870086909221,0.00828888681238423
0.013652457259864763,0.013652403602999677,0.013652266864172861,0.9317380798369405,0.01365238740146327,0.013652405034558819
0.024759344768569412,0.024759342854261374,0.02475933827887554,0.8762032888807622,0.024759342296064597,0.024759342921466792
0.0248210982957636,0.024821066816745525,0.02482098838442273,0.8758947201414354,0.024821058215100594,0.02482106814653214
0.01816837389615281,0.018168365712330815,0.01816834527774202,0.9091581804977161,0.01816836858605399,0.018168366030004175
0.0189108649383121,0.018910858941280303,0.01891084119748558,0.9054457196745449,0.018910856339193618,0.01891085890918362
0.023180942379982087,0.02318092175884168,0.023180870665408877,0.8840953928005232,0.02318094976212074,0.02318092263312343
0.022479161646870277,0.02247915700406831,0.022479145575135404,0.8876042225442563,0.022479155712538206,0.022479157517131438
0.0243910603314463,0.024391024503053405,0.024390935045112992,0.8780449387792191,0.02439101453190934,0.024391026809258816
0.03233788684229978,0.032337885774827956,0.03233788311646768,0.8383105729421542,0.03233788550150861,0.03233788582274174
0.022092364660368284,0.022092351202338996,0.022092317495791255,0.8895382673541499,0.022092347569936957,0.022092351717414697
0.02104884919760526,0.02104884604129026,0.021048838172239175,0.8947557751450093,0.021048845266198782,0.02104884617765733
0.02104884919760526,0.02104884604129026,0.021048838172239175,0.8947557751450093,0.021048845266198782,0.02104884617765733
0.03397254069385449,0.03397252221623757,0.033972476217672985,0.8301374201440253,0.03397251772961558,0.03397252299859403
0.028207280179300204,0.028207254064936214,0.028207189086960904,0.8589637746879256,0.028207246759604832,0.02820725522127219
0.01436107212740151,0.014361061740546523,0.014361035367464602,0.9281947102742176,0.014361058529270183,0.01436106196109961
0.018517411561729286,0.018517403749555097,0.01851738380370289,0.9074129955717978,0.018517401374151008,0.018517403939063943
0.02319727506370314,0.02319725404288315,0.023197201380730587,0.8840137664762281,0.023197248178167783,0.023197254858287292
0.0298489551992828,0.029848954323490485,0.48321947184204816,0.3973847105340545,0.029848953881758733,0.0298489542193654
0.028332379886007834,0.028332336512802533,0.0283322283152049,0.858338392567527,0.02833232437070794,0.02833233834774979
0.015265454676731492,0.015265437452085626,0.015265402618926874,0.9236728344057712,0.015265432606901146,0.015265438239583836
0.028654229260369857,0.02865419883146254,0.02865412304943236,0.8567290584569639,0.028654190273736963,0.028654200128034334
0.025761007995152945,0.025761003974396877,0.02576098743825171,0.8711949978679534,0.02576100040331214,0.02576100232093289
0.020503165535471966,0.020503155286079072,0.020503130179158436,0.8974842353182522,0.020503157960644645,0.02050315572039383
0.0176007853297465,0.017600767961339338,0.017600727736937993,0.911996185538026,0.0176007647113658,0.017600768722584353
0.020281620196640142,0.020281605553660258,0.020281569071104552,0.8985919975434385,0.02028160145250969,0.020281606182646763
0.023656258646227345,0.3210312650303824,0.02365616699291597,0.5843438507694184,0.02365622503488893,0.02365623352616695
0.017197926993380873,0.017197887688756807,0.017197790333841233,0.9140106179531372,0.01719788767917117,0.017197889351712712
0.018133222753801838,0.018133210914093603,0.01813318174551532,0.9093339658019084,0.018133207462387255,0.018133211322293608
0.03330535926314546,0.03330535417889895,0.0333053415012066,0.8334732379165162,0.033305352748088456,0.033305354392144486
0.026516903317473795,0.30648176738597266,0.026516806942087395,0.5874507774777505,0.02651686797858633,0.02651687689812939
0.014477952851500954,0.014477895996398225,0.014477754226221554,0.9276106184581511,0.014477880019573695,0.014477898448154586
0.02437928645799306,0.024379276828846472,0.024379252696094762,0.8781036327506376,0.024379274059146885,0.024379277207281072
0.025147466666513033,0.02514746177805578,0.025147448602151855,0.8742627009944988,0.025147460248689923,0.02514746171009073
0.02871793426076117,0.028717930290422477,0.02871792037999371,0.8564103553960052,0.028717929165881097,0.028717930506936294
0.028993096888271605,0.028993075770427784,0.33095650882125754,0.5530711721039463,0.028993069788587955,0.028993076627508836
0.014477427247671558,0.014477391937052043,0.014477303836879393,0.9276130956976544,0.0144773878498397,0.014477393430903025
0.032953623322742855,0.03295360096844265,0.03295354595260769,0.8352320331535534,0.03295359468367257,0.03295360191898081
0.016471948404385865,0.016471918046424037,0.016471842678311404,0.917640462028595,0.016471909511107177,0.016471919331176487
0.023712167287415552,0.023712344041945495,0.2986115475935028,0.6065396691972883,0.023712131112389234,0.02371214076745855
0.022143096074714926,0.022143089860517894,0.022143075723977345,0.889284560136025,0.02214308808270214,0.022143090122062663
0.016498832207791882,0.01649882764069676,0.016500983761149477,0.9175037022091089,0.016498826350076098,0.016498827831176944
0.025241821755912254,0.025241819364144692,0.025241813920602502,0.8737909067705809,0.025241818693781507,0.025241819494977957
0.026786461214735605,0.026786432590519032,0.026786361208106003,0.8660678866323511,0.02678642455182023,0.02678643380246788
0.01945855079280156,0.019458531377258306,0.019458525415700745,0.902707334241989,0.019458525968311876,0.019458532203938412
0.027228854303032915,0.02722885150716172,0.027228844471364783,0.8638557471007079,0.027228850958691497,0.027228851659041202
0.023653263646833456,0.0236532470403579,0.023653208874807253,0.8817337903280064,0.023653242377456824,0.023653247732538116
0.024865386648428307,0.024865360485364023,0.024865297397874547,0.8756732407056014,0.024865353134270463,0.024865361628461445
0.022412438129174976,0.02241241285192321,0.022412351857607475,0.8879379775026638,0.022412405741881854,0.022412413916748673
0.016295498408274958,0.016295491778610425,0.016295475219686408,0.9185225526076493,0.016295489898917007,0.01629549208686203
0.027602947845039215,0.02760293253315877,0.02760289149023358,0.8619853686126365,0.027602927145534792,0.027602932373397268
0.042706155648400856,0.04270615125874045,0.04270614104905267,0.7864692503014179,0.04270615001605847,0.0427061517263297
0.030269703974594414,0.030269697798407658,0.030269682415290596,0.8486515216864629,0.030269696063753324,0.03026969806149096
0.02113596425899457,0.02113596144967241,0.021135954463992558,0.8317092249506032,0.02113596066367753,0.08374693421305973
0.02526683218220872,0.025266824520770163,0.025266806189540254,0.8736658898895803,0.02526682237251412,0.025266824845386435
0.01658498299951939,0.016584976273936385,0.01658495950141817,0.9170751301961079,0.01658497441438648,0.01658497661463188
0.02673485126419988,0.02673483497098143,0.026734794361160125,0.8663256485853631,0.026735035153658986,0.026734835664636518
0.02426145041569055,0.02426143902390347,0.02426141083466834,0.8786928243498375,0.02426143582463465,0.024261439551265553
0.011833269701456518,0.011833263491620042,0.011833248141194295,0.9408336900931626,0.01183326478617918,0.011833263786387254
0.020994522648510885,0.020994000867733353,0.020993668071377584,0.8950202314354787,0.0210035541334588,0.02099402284344072
0.016090403816461787,0.016090327289897118,0.01609013669493606,0.9195484959066141,0.01609030576472147,0.01609033052736943
0.02410112324064668,0.024101094268833598,0.0241010220376157,0.879494578581464,0.024101086125427128,0.0241010957460129
0.019130598593435803,0.019161779665521204,0.019130517543049883,0.9043159683657599,0.01913056342186003,0.019130572410373227
0.018070956756010583,0.01807093713824472,0.018071936086408894,0.9096443004437947,0.018070931612288378,0.018070937963252674
0.01413853827370662,0.014138530945866394,0.014138512659263086,0.9293073578163078,0.014138528868492725,0.014138531436363459
0.028542702508014602,0.028542680776051807,0.028542629935839094,0.8572866304172182,0.02854267466699382,0.028542681695882463
0.021946970150416804,0.02194693689787105,0.021946853513047128,0.8902653738801454,0.02194692741937227,0.02194693813914739
0.02078132959450232,0.020781328497175136,0.0207813260725807,0.8960933590868788,0.0207813281907624,0.02078132855810083
0.01076507939741107,0.010765064809178793,0.010765028747664357,0.9461747007054946,0.010765060921583023,0.01076506541866813
0.028795659718662495,0.02879565660954882,0.028795648866244743,0.8560217223311091,0.02879565573871998,0.028795656735714756
0.02168356949302396,0.021683560146655158,0.021683536839454624,0.8915822154508146,0.021683557526490402,0.02168356054356131
0.03339002502724472,0.03339002580055428,0.03339002153259335,0.8330498797220544,0.03339002375563375,0.03339002416191953
0.014679889496596658,0.014679880042081176,0.01467985662521035,0.926600616031414,0.014679877368372759,0.014679880436325192
0.020328994607843594,0.0203289855210773,0.0203289647304523,0.898355086254709,0.020328982979180565,0.020328985906737172
0.02388979520205866,0.023889791261887932,0.0238897818389727,0.8805510499435469,0.02388979017381736,0.023889791579716473
0.018380578057100687,0.018380560384152932,0.018380524775040357,0.9080972239188086,0.018380553309833254,0.018380559555064027
0.027575945874804438,0.027575941689362917,0.027575927967666912,0.8621203041552642,0.027575939307451978,0.027575941005449578
0.022850731838494565,0.022850758528619345,0.022850592287765547,0.8857465431353571,0.02285068064419171,0.022850693565571813
0.018682909138564262,0.01868290238426932,0.018682885798503152,0.9065854993153473,0.018682900697298558,0.018682902666017496
0.021076238909210655,0.02107623128446296,0.02107621147807538,0.8946188580514527,0.02107622881273785,0.021076231464060496
0.026781334504610343,0.026781318581733576,0.026781279719548873,0.8660934343464164,0.026781313813109345,0.026781319034581457
0.025290135409197806,0.025290118773396788,0.025290077251868853,0.8735494346438588,0.02529011409493747,0.025290119826740287
0.024408797658818666,0.024408787632681523,0.024408762944611043,0.877956078919579,0.02440878481087745,0.024408788033432383
0.027783136187352772,0.02778311931253222,0.0277830782881611,0.8610844152332346,0.027783130693404812,0.027783120285314353
0.015413094567820897,0.01541308327369925,0.015414086568462798,0.9229335415023031,0.015413110336155526,0.0154130837515584
0.03130990186764458,0.03130988052919173,0.03130982811597861,0.8434506334812298,0.031309874527012484,0.0313098814789428
0.012792352206337109,0.012792349888101375,0.012792349096842383,0.9360382501980417,0.012792348884585794,0.012792349726091796
0.022110092100734415,0.022110083987086776,0.02211001242295849,0.8894496782142622,0.022110062926137285,0.022110070348820864
0.03240537840549358,0.03240537483363185,0.032405365890140946,0.8379731320669618,0.032405373822289356,0.03240537498148265
0.02816981097377835,0.028169806730590562,0.028169796147633482,0.8591509736815,0.02816980554086631,0.028169806925631386
0.01850845577606904,0.01850843795546187,0.018508393612022667,0.9074578409871088,0.018508432967791484,0.018508438701546105
0.021971768049562822,0.021971759255103734,0.02197173749745128,0.8901412188203022,0.021971756760860703,0.021971759616719284
0.03384612756935073,0.03384612680414246,0.03384612490026406,0.8307693672666998,0.03384612661985123,0.033846126839691654
0.0237094001382975,0.02370939581573129,0.02370938511734713,0.8814530278671339,0.02370939500046705,0.023709396061023028
0.02309806224354938,0.02309806109954913,0.023098058262326995,0.8845096964549984,0.023098060791777664,0.023098061147798398
0.00998050638518082,0.009980478913345246,0.009980410914789602,0.9500949788908503,0.009980474522035283,0.00998315037379866
0.017872924063508582,0.017873054183039368,0.017872879866300997,0.9106353218062114,0.0178729078699606,0.01787291221097896
0.022084953857512454,0.022084935815107436,0.022084890825298506,0.8895753520653569,0.022084930853984445,0.022084936582740307
0.01805031535594721,0.018050285951668795,0.018050212729057515,0.909748618578039,0.01805028020259199,0.01805028718269557
0.022695714804621382,0.022695692867388314,0.022695636859936537,0.8865215754942918,0.0226956862997967,0.02269569367396528
0.017560505885362024,0.01756049130917913,0.01756045519138253,0.9121975684727875,0.017560487215967216,0.0175604919253216
0.027217395640308326,0.027217394342386562,0.027217387814273474,0.8639130360249705,0.027217392722607273,0.027217393455453882
0.024149558827458378,0.024149556554422236,0.02414955112889408,0.5874709591011414,0.3159308177340629,0.024149556654020934
0.02631911114663884,0.026319107799530065,0.026319099492973393,0.8684044667534571,0.02631910686465143,0.026319107942749345
0.018893695434304233,0.01889368971823954,0.018893675610826412,0.905531561137587,0.018893688110667564,0.018893689988375303
0.017194825282080103,0.01719481849232265,0.017194801628567,0.9140259191008095,0.017194816594943034,0.017194818901277522
0.020749301022868448,0.020749293587383026,0.020749275549348245,0.8962531818515767,0.020749654086422716,0.020749293902400927
0.018992032005607246,0.018992010821217688,0.0189919580893212,0.9050399824969105,0.018992004869405197,0.018992011717538154
0.01687687961274895,0.01687687093330153,0.016876851701482315,0.9156156576855145,0.016876868877083458,0.016876871189869455
0.024266446522055198,0.02426643494311147,0.024266406163371418,0.8786678451998787,0.024266431690544883,0.0242664354810382
0.02013200515596971,0.020131989212930378,0.020131949946992193,0.8993400808550744,0.02013198490286344,0.020131989926169908
0.025420674383847104,0.02542066562011956,0.025420643867788233,0.8728966809217686,0.025420663157093393,0.025420672049382965
0.020307422350912988,0.020307409875737068,0.02030737879176968,0.8984629720266993,0.02030740636917881,0.0203074105857022
0.02412190463085459,0.024121899944939486,0.024121892493507862,0.8793905043435521,0.024121898520444718,0.024121900066701178
0.020340215620283576,0.020340155876663185,0.02034000717786944,0.8982993237890268,0.02034013913071155,0.020340158405445407
0.02718307335211107,0.02718306056730737,0.02718302934959964,0.8640847184451904,0.027183056979029566,0.02718306130676203
0.03702467981363528,0.03702466485153842,0.03702462817381812,0.8148767006110887,0.03702466064147582,0.03702466590844354
0.02081734690346253,0.020817341072217624,0.020817326577333768,0.8959133046951903,0.020817339435856185,0.02081734131593963
0.03239294071249133,0.03239294133923039,0.03239293719538013,0.8380353014869933,0.03239293943222061,0.0323929398336842
0.01601938723204756,0.016019366437036955,0.01601931544293222,0.9199032031667751,0.01601936048484031,0.01601936723636784
0.01814982994055795,0.018149827223884984,0.018149837602582715,0.9092508515550162,0.018149826441048404,0.018149827236909846
0.013977916407847037,0.013977881105896074,0.01397779266509975,0.9301106563053316,0.013977871039630602,0.013977882476194924
0.014241264640099885,0.014241255042441043,0.01424123110988825,0.9287937412197045,0.014241252338773358,0.014241255649092812
0.022434764286212158,0.02243475666183227,0.022434737917355983,0.8878262294853705,0.022434754661035172,0.02243475698819393
0.011003468022367874,0.011003926839596117,0.011003328673629896,0.9449824298831079,0.01100341685043277,0.01100342973086544
0.028919921606197687,0.028919913641091876,0.028919893810538184,0.8554004455581885,0.02891991140372895,0.02891991398025488
0.014061733316187746,0.014061688497026464,0.014061578227188945,0.929691632526497,0.014061676640303397,0.01406169079279653
0.01555115929652377,0.01555114271742255,0.015551101474643813,0.9222443150143401,0.015551138066261842,0.015551143430807947
0.018691057774999405,0.01869104670160971,0.018691019172157194,0.9065447855870549,0.018691043599748013,0.018691047164430687
0.019016407525557544,0.019016400538796246,0.01901638311720095,0.9049180093173121,0.019016398666469096,0.019016400834663976
0.016598799819480505,0.0165987893347823,0.016598767640410995,0.917006067321949,0.016598786231156574,0.016598789652220843
0.0176526203799701,0.017652602056025334,0.01765275675571575,0.9117368210694373,0.017652596913124995,0.017652602825726588
0.014718823942323557,0.014718772433037541,0.01471870973181842,0.926406161024711,0.014718758244882304,0.014718774623227161
0.020881234052459577,0.02088122781386376,0.02088121184024892,0.8955938729330862,0.020881225636713272,0.020881227723628114
0.029796357603534475,0.029796355278607634,0.02979634942162677,0.8510182277634603,0.029796354615330384,0.029796355317440404
0.029156097409499912,0.029156095088586197,0.02915608923895015,0.8542195287130728,0.029156094425993876,0.029156095123897066
0.012409943034768138,0.012409915038410711,0.0124098921795689,0.9379504263948281,0.012409907148444884,0.012409916203979299
0.016049005327397524,0.01604898714302949,0.01604894186828706,0.919755093744956,0.01604898202799997,0.01604898988832993
0.01172215978835269,0.011722130762622811,0.011722058024575236,0.9413893970794649,0.01172212246637576,0.011722131878608722
0.016992681853329167,0.016992665539547865,0.01699262493272554,0.9150367002409496,0.016992661197069586,0.016992666236378292
0.0229174741709342,0.022917466273896778,0.02291744792941644,0.8151128731034317,0.022917464517526794,0.09321727400479404
0.026580515286309333,0.026580512819427707,0.0265805066059632,0.8670974403570243,0.02658051203176265,0.02658051289951274
0.020553105079921818,0.020553249751766783,0.02055306309779621,0.8972343989657472,0.020553089599230495,0.020553093505537596
0.027832925983144834,0.02783290545371547,0.027832854397654348,0.860835508155065,0.027832899698622297,0.027832906311798116
0.02536010211315313,0.0253600888452622,0.02536005733662775,0.8731995771041647,0.025360085159645815,0.025360089441146254
