P(topic 1),P(topic 2),P(topic 3)
0.9417941747730162,0.029130054999835092,0.029075770227148807
0.8852796164064093,0.05712792214659998,0.05759246144699079
0.9522264408280176,0.023871453344947828,0.023902105827034538
0.9239178295011397,0.03747774896880238,0.03860442153005794
0.9287686920949012,0.035625364237074096,0.03560594366802468
0.9018453492042193,0.04906625370509164,0.049088397090689
0.9282876135572727,0.03586581030334211,0.035846576139385224
0.9240138067981187,0.03787506208888667,0.03811113111299447
0.9057587361319703,0.04707150494010733,0.04716975892792235
0.9163534840845523,0.041795338776617,0.04185117713883066
0.14965893530653937,0.8071363052326296,0.0432047594608311
0.9151487821023698,0.042418649317955005,0.04243256857967528
0.9162739029044394,0.0418956319899941,0.04183046510556657
0.91131923510312,0.04446286769817849,0.04421789719870145
0.9136848662074287,0.043127503951165276,0.0431876298414059
0.9053924044600609,0.047295347415402714,0.047312248124536514
0.9270652535091641,0.036344061530802586,0.03659068496003329
0.8747354089291981,0.0638435724877823,0.06142101858301954
0.9206651845206435,0.03973571948611574,0.03959909599324078
0.9130564671900481,0.043461897668887015,0.043481635141065
0.897633132204298,0.0511596380718003,0.051207229723901744
0.9170476788190719,0.0416285171493599,0.04132380403156816
0.9155675615484595,0.0421849322056318,0.042247506245908534
0.903502229494808,0.048267390943438494,0.04823037956175348
0.8973687520133315,0.051307805014331784,0.05132344297233661
0.8957021156012844,0.05214414739790474,0.052153737000810815
0.8486198220163189,0.07563001689329217,0.07575016109038901
0.9311360000698609,0.034427096094385996,0.0344369038357532
0.9291305883760772,0.03536869929293495,0.03550071233098768
0.9102405424353766,0.04489669207451367,0.0448627654901099
0.895623412404141,0.05217006144951291,0.05220652614634605
0.8890446037149841,0.05546405712102094,0.055491339163994985
0.9120690243219276,0.04398316514810164,0.04394781052997072
0.9237426122531951,0.03818766445973225,0.03806972328707268
0.9600045693728934,0.019915380958474546,0.020080049668632107
0.2042026743020658,0.04666550220584364,0.7491318234920905
0.9195541611550546,0.04029441412761863,0.04015142471732655
0.9207755609159163,0.040187975700213804,0.039036463383869915
0.916470167184592,0.04175537139495554,0.04177446142045255
0.904788079672649,0.047596889566338625,0.04761503076101243
0.9333589959184534,0.033369026922962654,0.033271977158583994
0.915287438458425,0.042328433255941,0.042384128285634086
0.9238291636871029,0.03807926274824315,0.03809157356465385
0.9223618894056884,0.039178883963838965,0.03845922663047259
0.9325462182925994,0.03377974352987221,0.03367403817752835
0.9428395684514597,0.028766068957784833,0.028394362590755513
0.911305990510968,0.04430944280859992,0.04438456668043216
0.9023951432765241,0.048803806360929854,0.048801050362545964
0.9103011831371715,0.044994804010414155,0.044704012852414404
0.9035349669653511,0.04822174895980679,0.048243284074842165
0.9171779276851438,0.041343746104562255,0.04147832621029408
0.9305881957862565,0.0357458927539793,0.0336659114597642
0.9258807279244644,0.03705255920683464,0.03706671286870086
0.9303620877458529,0.03582726105643208,0.03381065119771482
0.923911100080968,0.03910570178605692,0.036983198132975015
0.8909417067099251,0.054525859680057014,0.054532433610017854
0.9438043559521345,0.027963484802812383,0.02823215924505318
0.891913966491171,0.054044392885367616,0.05404164062346129
0.8865028718367913,0.05674330955609505,0.056753818607113586
0.9397126395826532,0.030126596091781536,0.030160764325565404
0.8928292732873143,0.05372753269987099,0.053443194012814645
0.9396771000422233,0.030137135732209656,0.030185764225567065
0.8742895147858601,0.06321588199340071,0.062494603220739
0.9227798654870979,0.03862895255673605,0.03859118195616597
0.9159031876879404,0.04182686124517653,0.042269951066883055
0.9363288494246785,0.031806845793611926,0.03186430478170956
0.9442694699776135,0.027851111891416282,0.02787941813097027
0.9269001449465454,0.03651401291231208,0.03658584214114262
0.9121899386909077,0.043895339358187,0.04391472195090535
0.9239700378888164,0.037987274710163256,0.03804268740102021
0.9253711665473098,0.0374467092353377,0.037182124217352494
0.927392654325952,0.03630662702202623,0.03630071865202187
0.9364099029700264,0.03202449976371165,0.031565597266261985
0.9175122443491354,0.0412178169213243,0.04126993872954036
0.9021775064889597,0.0488928469472087,0.04892964656383161
0.8569666798737873,0.07143465473970464,0.07159866538650814
0.9211229828599059,0.03935395256551635,0.03952306457457768
0.908025015746878,0.045940749816348395,0.046034234436773666
0.8852305734940646,0.05772141752909968,0.05704800897683565
0.9105892940571625,0.04484000843944316,0.044570697503394326
0.9206299182037166,0.03963163830389998,0.039738443492383375
0.9120471122710566,0.04475868088352127,0.0431942068454221
0.8997505892959463,0.05023009459606807,0.05001931610798564
0.9227152774482308,0.0386320502547587,0.03865267229701059
0.9099845559078769,0.04510904763214908,0.044906396459974116
0.9501052669946553,0.02494083369014528,0.024953899315199455
0.8850042862414922,0.05745566198464064,0.05754005177386729
0.8733353579228974,0.06331745453559946,0.06334718754150313
0.8712720895299337,0.06456700721303232,0.06416090325703398
0.9134242355607652,0.04336665746737526,0.043209106971859396
0.9192891004225459,0.04041535758517716,0.04029554199227688
0.9212396823047001,0.03934756589921915,0.039412751796080864
0.8949694094431965,0.05249688964507745,0.052533700911726086
0.9100796020141895,0.0449821000558246,0.044938297929985875
0.9323266871889988,0.03387426788180591,0.033799044929195374
0.8961951051624343,0.052002355667080113,0.051802539170485606
0.9413577947202781,0.029275126003880027,0.02936707927584184
0.9346559437268926,0.033065080831763294,0.03227897544134402
0.8877371147578391,0.05610829609114057,0.056154589151020486
0.05242164523011349,0.9018603273872294,0.04571802738265711
0.9188156929112478,0.04058336246600694,0.04060094462274534
0.9088856087549068,0.04554352389058329,0.04557086735450988
0.45149733095571326,0.06042901584880563,0.488073653195481
0.89074493239284,0.05462076559351867,0.054634302013641244
0.9073528686376462,0.046662650947883445,0.045984480414470355
0.9213850406115327,0.03978483297901288,0.038830126409454414
0.9270710078469763,0.036858400682041194,0.03607059147098259
0.8882668761889712,0.05585814658965399,0.05587497722137488
0.9457073580232443,0.02716914177268977,0.02712350020406591
0.9444385313056596,0.0280220709778384,0.027539397716502073
0.9137288394769871,0.04319109974329575,0.043080060779717134
0.9172422749866057,0.04146885605748511,0.04128886895590913
0.8949366563626063,0.05282962640345295,0.052233717233940595
0.9453132063875512,0.027482979398738536,0.027203814213710202
0.9147184149852554,0.04291967196550241,0.042361913049242125
0.20654787212988973,0.08533911651170921,0.708113011358401
0.12081743803564053,0.10327470362503204,0.7759078583393275
0.3467903509433347,0.5827124324927405,0.0704972165639248
0.35541028229838584,0.09369465807888594,0.5508950596227283
0.3892365882043479,0.08463692072785961,0.5261264910677925
0.21370024873799595,0.10381278557674549,0.6824869656852586
0.8422303927777163,0.07888164288677005,0.07888796433551375
0.9196318867819682,0.04016034426499088,0.04020776895304079
0.895880617640927,0.052028471211771864,0.05209091114730121
0.9302711697966347,0.03489684827314716,0.034831981930218026
0.9384123509863609,0.030779466060429424,0.030808182953209782
0.922070348193342,0.03894616561946453,0.03898348618719342
0.9021021603009901,0.04902060495713603,0.04887723474187385
0.9197277071292607,0.04016610548400266,0.040106187386736596
0.9074504914809223,0.046259579281037556,0.0462899292380402
0.5306487894718128,0.42923277316191827,0.04011843736626912
0.11566723101444755,0.0973063894726402,0.7870263795129122
0.9158861436671527,0.04200958825500921,0.04210426807783806
0.9259745411036652,0.03698594716534944,0.037039511730985374
0.9192227837611551,0.04036785671371195,0.04040935952513303
0.9274680404280997,0.03625483053913295,0.03627712903276738
0.9230589011136533,0.03845637369311518,0.03848472519323156
0.9201324995040917,0.03992669542066771,0.03994080507524053
0.9099469017154256,0.04518012540583481,0.044872972878739585
0.8920247732168902,0.05398421927584892,0.05399100750726084
0.9102771741222756,0.047009705824064066,0.04271312005366019
0.9036244240904954,0.048168986521825476,0.0482065893876791
0.4232927816390802,0.04797265045255212,0.5287345679083677
0.8988770296703718,0.05055346996349396,0.05056950036613434
0.9448812527513929,0.0275379104871339,0.027580836761473077
0.9239958583286483,0.03817088944085615,0.037833252230495475
0.9042904400981252,0.047866670060544576,0.047842889841330165
0.9443692005463477,0.02789849058560386,0.027732308868048408
0.938693850982714,0.030639761415989276,0.03066638760129677
0.5256392729094909,0.43522938058063015,0.039131346509879
0.9135761663772513,0.04333633308662401,0.043087500536124666
0.9166496991793309,0.0416933379950108,0.041656962825658304
0.914350244317064,0.0430243650521603,0.042625390630775806
0.9003840942754637,0.05016320601315018,0.04945269971138607
0.8995993730569023,0.04976219860156465,0.05063842834153306
0.9179815726487636,0.04100079486463798,0.04101763248659857
0.9250558948885006,0.03750766395683788,0.037436441154661666
0.9091855996387734,0.04539761413016065,0.04541678623106596
0.9419069877439481,0.029216642472628968,0.028876369783422926
0.9502063375982466,0.024885035836986712,0.024908626564766643
0.9073545431617005,0.04647305868357199,0.04617239815472754
0.9284767283290928,0.035756021247012576,0.03576725042389469
0.9284535678875455,0.036045392671864754,0.0355010394405897
0.8960414000246372,0.05197226417289678,0.05198633580246608
0.9176740420250923,0.04114986085662904,0.041176097118278555
0.8628130052915608,0.06851110822991542,0.0686758864785237
0.8975446007441223,0.051213212552260585,0.05124218670361706
0.9175446677419961,0.041203260864093795,0.041252071393910225
0.9014318096795205,0.049202379025599464,0.049365811294880046
0.936502959682,0.03178251357818951,0.031714526739810386
0.9179249703076211,0.04095410842735229,0.04112092126502646
0.9044004066797954,0.04778205741844939,0.04781753590175531
0.9445006398676222,0.027792506667184073,0.02770685346519373
0.8974634523841389,0.05123008863044359,0.05130645898541752
0.9027780607598159,0.048620407603419305,0.04860153163676484
0.9302543916647137,0.03480014953166416,0.034945458803622056
0.890583612149151,0.05593642000156505,0.05347996784928385
0.949195894559159,0.025383008402216793,0.025421097038624253
0.9390299425986564,0.030422716165605407,0.030547341235738282
0.8744554362288548,0.06276106777226846,0.06278349599887664
0.9174565531978902,0.041447581132462046,0.04109586566964777
0.938809756515255,0.030580051035565808,0.030610192449179206
0.943896765276797,0.028000482744690292,0.028102751978512638
0.9128650647755672,0.044434956859912514,0.04269997836452035
0.9437140662773879,0.028052876943875017,0.02823305677873714
0.8782689974028401,0.0608298688259904,0.060901133771169395
0.9213078036031591,0.03932657419533294,0.039365622201507834
0.9273029425972104,0.03633581738094665,0.03636124002184286
0.880392816796841,0.05978963998048627,0.059817543222672805
0.8680071241187317,0.06597543180418851,0.06601744407707978
0.9279316246692252,0.036015017221848515,0.03605335810892629
0.41009996437575036,0.5555993527218716,0.03430068290237806
0.9156201546379126,0.042356021472450454,0.0420238238896369
0.8414337810959552,0.07926652239113559,0.07929969651290915
0.9097016854127781,0.045076768502816264,0.045221546084405734
0.9351613268061755,0.03239047101837317,0.03244820217545132
0.9278519653122003,0.036663091088749745,0.03548494359904983
0.937138934294648,0.031519836007469444,0.03134122969788259
0.9254418079956903,0.037288047126488796,0.037270144877820884
0.30011305289133466,0.6621927321822237,0.037694214926441656
0.9027438524091183,0.048642339542886444,0.04861380804799521
0.9185206484221181,0.04079988805756653,0.04067946352031538
0.912500176749849,0.04373297714438201,0.04376684610576903
0.9260834950385296,0.03702028297894332,0.036896221982527115
0.9035758959013026,0.04815554219620516,0.04826856190249228
0.9229652319050523,0.038460634977840885,0.03857413311710671
0.8982288274393644,0.05122209672306883,0.050549075837566855
0.9362332693870343,0.031928598522574334,0.03183813209039121
0.9559292891994087,0.022024225726875995,0.022046485073715413
0.9086355209002832,0.04567559503256379,0.045688884067153
0.923150416467479,0.03844205849043929,0.03840752504208164
0.9091349128037589,0.045715853744121404,0.045149233452119665
0.9058160321062219,0.04708113786148148,0.04710283003229665
0.9104012236573344,0.04479502395390244,0.0448037523887631
0.9329581007564579,0.033565074904070374,0.033476824339471765
0.9159026492075707,0.0420254877283702,0.04207186306405918
0.9060181331187173,0.04700484732611774,0.04697701955516503
0.9085805818380941,0.04570734066407703,0.04571207749782895
0.9260360501390807,0.03695652360360346,0.037007426257315866
0.9357155707293835,0.03217679564650769,0.032107633624108796
0.9102559326717294,0.04500875681474742,0.04473531051352308
0.903929124303368,0.04796116833138265,0.048109707365249305
0.9125233218678218,0.04382135338354826,0.043655324748629876
0.894736826926707,0.05260627692315782,0.052656896150135135
0.9398180618932265,0.03006902094689792,0.030112917159875668
0.9313309567927226,0.034427794259873454,0.03424124894740391
0.8956290161184521,0.052163470576036916,0.052207513305510975
0.9112303868089393,0.044364223425765105,0.04440538976529568
0.9150660140752436,0.04254592106645521,0.042388064858301266
0.9020137660399369,0.04788367279701135,0.05010256116305187
0.9030517449693118,0.04867140197505511,0.048276853055633
0.9323430467382139,0.03379987602751962,0.033857077234266446
0.28351775974171184,0.6614461221666006,0.055036118091687715
0.9000606732125597,0.04994680681129892,0.04999251997614145
0.9118409917331998,0.04401416659924296,0.0441448416675573
0.8320102633542369,0.08324604589779994,0.08474369074796317
0.20858035941865558,0.696425094224602,0.09499454635674254
0.8634605151326773,0.06826124298924623,0.06827824187807653
0.936139421698614,0.031103107697363585,0.032757470604022426
0.8132279634934938,0.09337562497316017,0.09339641153334599
0.7804320003239575,0.10979705781484111,0.10977094186120141
0.8876135591651823,0.056183051345531775,0.056203389489286076
0.7909020209381807,0.08685852014774144,0.12223945891407781
0.823452383576252,0.08884622654839103,0.08770138987535699
0.840135676896382,0.08044038377872807,0.07942393932488975
0.7970836762768313,0.10146159736534524,0.1014547263578234
0.701473024804079,0.14926349245543039,0.14926348274049067
0.8122596879100806,0.09385851627133776,0.0938817958185816
0.8119668994585556,0.0940485675941637,0.09398453294728067
0.8687254119503972,0.0656420194785659,0.06563256857103697
0.9090347211652773,0.04550142132434102,0.04546385751038168
0.21548369468956413,0.1592087463980242,0.6253075589124116
0.13266871210898473,0.11496231161667982,0.7523689762743355
0.8219922916976338,0.08899755150497213,0.08901015679739405
0.6666538381852889,0.1666727323011192,0.1666734295135919
0.8355149846780661,0.08223339326067117,0.08225162206126271
0.7615755440381149,0.11926296609488897,0.11916148986699612
0.8359310848191978,0.08207819953994785,0.08199071564085433
0.8141947962235179,0.09289642744677865,0.09290877632970355
0.7548156306975726,0.12259192745727014,0.12259244184515723
0.848739640684698,0.07553031233903122,0.07573004697627088
0.9278093204116936,0.0362236937529014,0.035966985835405016
0.7856318567374903,0.10687431324519793,0.10749383001731175
0.8451517875929272,0.07740353639105982,0.07744467601601303
0.6666538381852889,0.1666727323011192,0.1666734295135919
0.8443353196854861,0.07780503693934737,0.07785964337516638
0.8181532075093546,0.0909201130320311,0.09092667945861435
0.13682841374212726,0.8137242590545652,0.0494473272033075
0.8692611956129277,0.06536138133497302,0.06537742305209936
0.8583338985058998,0.07079001529583476,0.07087608619826541
0.8412822034382409,0.07934870915794087,0.07936908740381832
0.7359223041409789,0.13204467850749685,0.13203301735152417
0.32820584342947406,0.5301207991971623,0.14167335737336376
0.6863784700832222,0.15680461044390198,0.15681691947287585
0.8307705974789686,0.08462512784315374,0.08460427467787762
0.828552111269162,0.08570948136039876,0.08573840737043933
0.8713783166129354,0.06452506687362389,0.06409661651344069
0.1773921050553501,0.7014153670833123,0.12119252786133757
0.22166480048052137,0.15687885240454755,0.621456347114931
0.8307825500345207,0.08573502973299212,0.08348242023248711
0.7631840073784136,0.11840905308270695,0.11840693953887946
0.9223617902143993,0.03907371567782391,0.0385644941077767
0.7036194689832422,0.14818923109496965,0.14819129992178806
0.8403851760907505,0.07980287991029412,0.07981194399895539
0.8793225910106771,0.06032422360871316,0.0603531853806097
0.8559740524874802,0.07198999333012349,0.07203595418239635
0.9187070662921586,0.04064297299545275,0.04064996071238859
0.7522620574057206,0.12386040648378029,0.12387753611049908
0.856728686581123,0.07160382743580178,0.07166748598307504
0.35914337477858493,0.5399340347188364,0.10092259050257876
0.6850491820662677,0.15746573803721325,0.1574850798965191
0.24886322463014082,0.6510593694595959,0.10007740591026336
0.8028978199737716,0.09854001492237224,0.09856216510385614
0.16964437572775395,0.1347261811214594,0.6956294431507866
0.7795081637997582,0.11038591800084084,0.1101059181994008
0.7007441673222005,0.14963738954776457,0.14961844313003494
0.7763836982479356,0.11179804310918313,0.11181825864288128
0.7487629321986391,0.12560358214730422,0.12563348565405685
0.825824794238592,0.08974045106669738,0.08443475469471068
0.9159661145533817,0.04198427084087903,0.04204961460573918
0.8537606674268033,0.06870810549364151,0.07753122707955525
0.8161844778435629,0.09189595031854456,0.09191957183789264
0.8147850085369217,0.0926014402479725,0.09261355121510585
0.8037373280689057,0.09812487487832722,0.09813779705276705
0.8786153408849875,0.06066966923109594,0.060714989883916666
0.8153511747828218,0.09232177645412142,0.0923270487630567
0.7942675880626578,0.10286779678704185,0.10286461515030018
0.8452584573076158,0.07734719918709451,0.07739434350528977
0.37127587785235927,0.13560869980027185,0.4931154223473688
0.7100723291470814,0.14496409849409506,0.14496357235882362
0.7619171945876704,0.11904151267473145,0.11904129273759818
0.7933640420190055,0.10330903758884495,0.10332692039214954
0.900002141390304,0.04999589396199696,0.05000196464769906
0.8606116643118773,0.06967951350889817,0.0697088221792247
0.8855888263704862,0.05718799553955094,0.057223178089962884
0.8400756028462217,0.07994868887287444,0.07997570828090378
0.7635723950933802,0.11821242404915773,0.1182151808574622
0.5937221906642222,0.30667825783087055,0.09959955150490721
0.8923996330841849,0.05378522425596459,0.053815142659850455
0.8158877316994146,0.0920551592052058,0.09205710909537962
0.8892626617388738,0.05541990582752306,0.05531743243360314
0.22940847271435885,0.6578743048592764,0.11271722242636474
0.7353862394899672,0.13218747127095357,0.13242628923907931
0.8506416437630412,0.07263278008583911,0.07672557615111963
0.6877105327286616,0.15614019979924695,0.15614926747209146
0.853833113817007,0.07306766385491408,0.07309922232807876
0.49101990616924535,0.38476277428893657,0.12421731954181808
0.8160383592553397,0.09198570590185472,0.09197593484280552
0.693669455925565,0.15316565219425932,0.1531648918801758
0.7313364206109468,0.13432191407025185,0.13434166531880123
0.8242610682954938,0.08784746414821747,0.08789146755628878
0.7067486595355447,0.14662626955632158,0.14662507090813368
0.6768833125565912,0.161526904575449,0.1615897828679598
0.772454078359959,0.11375595230161853,0.11378996933842243
0.7007441673222005,0.14963738954776457,0.14961844313003494
0.8241240384010124,0.08793443972013619,0.08794152187885135
0.8941908319512673,0.05291361256948212,0.05289555547925063
0.763445137785904,0.11827637122259663,0.1182784909914995
0.7673198597937341,0.11631204827861887,0.11636809192764704
0.2154781919804759,0.15920272528240403,0.6253190827371202
0.7067486595355447,0.14662626955632158,0.14662507090813368
0.9183107236642898,0.04096050149989231,0.04072877483581786
0.689341890144811,0.15531251425304393,0.155345595602145
0.8227533701660265,0.08861846922592422,0.08862816060804933
0.8514064251348501,0.07411063184756307,0.07448294301758669
0.11019086201002758,0.8395345925969477,0.05027454539302479
0.8600826552649768,0.06993276306604676,0.06998458166897649
0.7761208933681422,0.11192803137062621,0.1119510752612317
0.734313320246021,0.13286135211259748,0.13282532764138152
0.8364570425511452,0.08173409306485109,0.08180886438400375
0.7827072911056956,0.10864536419658714,0.10864734469771732
0.7067486595355447,0.14662626955632158,0.14662507090813368
0.8002546040658156,0.09986065587645579,0.09988474005772857
0.7871628361216755,0.1063991309221824,0.10643803295614204
0.7290998641320685,0.1353690227636238,0.13553111310430777
0.8516595863082754,0.0742719948299189,0.07406841886180564
0.7281034101402125,0.1359403698028042,0.13595622005698327
0.8072896338075255,0.09633627724451994,0.09637408894795463
0.6817577659000068,0.15910594210507442,0.1591362919949187
0.8660972934132768,0.06694883416453677,0.06695387242218648
0.8539986535354376,0.07289774769520121,0.07310359876936127
0.9267642498673626,0.0367813142781153,0.036454435854521995
0.8567828589952952,0.07160588926987574,0.0716112517348291
0.7642625865117595,0.11786702251517427,0.11787039097306626
0.9361850265760542,0.031888733373792395,0.03192624005015333
0.839915147273094,0.08002175078940986,0.08006310193749602
0.7547494797764671,0.1226121248452145,0.12263839537831835
0.8411566183645783,0.07941253669527608,0.07943084494014553
0.8732663868837952,0.0631672778863307,0.06356633522987412
0.8880141967641981,0.055997747418828445,0.05598805581697343
0.8060043041359107,0.09698319293879767,0.09701250292529166
0.16259267330318095,0.09407139924369148,0.7433359274531275
0.8910944899827172,0.054455072779651906,0.054450437237630725
0.7901051311545136,0.10491954277321489,0.10497532607227149
0.8439141325657834,0.07802790949627002,0.07805795793794658
0.8873140999896353,0.05687900509768036,0.05580689491268441
0.38266178521049127,0.13704109947394416,0.4802971153155647
0.7932332826798721,0.10338018060142258,0.10338653671870521
0.6666538381852889,0.1666727323011192,0.1666734295135919
0.8460243764023859,0.07695462513740434,0.07702099846020989
0.8573635826385817,0.07133052998437886,0.07130588737703933
0.22697372802382168,0.6171746011293339,0.15585167084684454
0.9259441373467268,0.03704451601888926,0.037011346634383935
0.7345586502515608,0.1327197488275316,0.1327216009209077
0.6887694725828422,0.155531536715394,0.15569899070176382
0.8723244312149295,0.0638260993989201,0.06384946938615034
0.7563822489910041,0.12179260768435629,0.1218251433246395
0.7311180299460673,0.1343790547393813,0.13450291531455125
0.8391035645509461,0.0804440395196782,0.08045239592937578
0.4196926004061069,0.4524042238992141,0.12790317569467896
0.8731757519257278,0.06339869231704001,0.0634255557572323
0.8279280499072325,0.08604374842636449,0.08602820166640308
0.22697372802382168,0.6171746011293339,0.15585167084684454
0.8906253588820724,0.05469128281670337,0.054683358301224366
0.7792629636583289,0.1103613945615077,0.1103756417801634
0.8191768661172336,0.09041317489795599,0.09040995898481048
0.8560339825016663,0.0719765037433448,0.071989513754989
0.7506957132727865,0.12463971223330794,0.12466457449390551
0.7007441673222005,0.14963738954776457,0.14961844313003494
0.2798215082190225,0.5980572164128646,0.12212127536811285
0.8090554021118396,0.09545670941189378,0.09548788847626663
0.2204742558322467,0.15751071138553946,0.6220150327822139
0.7729589520324747,0.11517748062300409,0.11186356734452121
0.7366125163634655,0.13169423586323384,0.13169324777330074
0.8927249792008412,0.05369495205378789,0.05358006874537102
0.837643473757175,0.08116039879598921,0.08119612744683594
0.6832369035073899,0.15837066363540928,0.1583924328572009
0.9006165208722173,0.04964944324947029,0.04973403587831245
0.8713622168001189,0.06432410490123122,0.06431367829864983
0.9000907987143962,0.04995195843732381,0.04995724284827996
0.3738606684169714,0.0797044704232623,0.5464348611597662
0.6948407189593047,0.15257798545158804,0.15258129558910724
0.6900097010714907,0.15499293813249312,0.1549973607960162
0.8238248123039572,0.08807513480595808,0.08810005289008478
0.9363377248293835,0.03181743750049076,0.031844837670125734
0.18001614759749973,0.13525369229041279,0.6847301601120876
0.4009980158569429,0.4785433141144831,0.12045867002857402
0.8631195368369927,0.06842675592644326,0.0684537072365641
0.6983161779265161,0.1508399015253604,0.1508439205481235
0.29415549120673873,0.6026860990861962,0.10315840970706511
0.7100723291470814,0.14496409849409506,0.14496357235882362
0.7815023184595254,0.10924830671620067,0.10924937482427384
0.7741780218251498,0.11290627362158649,0.11291570455326368
0.8388196167023788,0.08057093079652494,0.08060945250109623
0.21547283403695913,0.15919675094653865,0.6253304150165022
0.9051987238627842,0.04738436834532002,0.047416907791895724
0.735445992464591,0.13227637046102736,0.1322776370743817
0.8207428100434248,0.08886781186215276,0.09038937809442243
0.1961186454582791,0.1355391000889081,0.6683422544528129
0.7073118582771317,0.1463310432043859,0.1463570985184824
0.735376347023324,0.1323218474840608,0.13230180549261522
0.7934372227047604,0.10327371661554831,0.10328906067969136
0.7579980801720378,0.12099911092689782,0.12100280890106442
0.8387001252496169,0.08063891178609998,0.08066096296428303
0.8074060025760164,0.09630470872009256,0.09628928870389115
0.7014913127310961,0.1492554914872361,0.1492531957816678
0.8725009122260814,0.0637432335467215,0.06375585422719712
0.8504679893304676,0.07473338977036921,0.0747986208991633
0.8900996419518921,0.05494509929457026,0.054955258753537656
0.7663826991736061,0.11680836874367996,0.11680893208271395
0.6666538381852889,0.1666727323011192,0.1666734295135919
0.787593287887365,0.10619124893230146,0.10621546318033351
0.8576241303347358,0.07117967488554063,0.07119619477972348
0.2632469690214486,0.12373589827606636,0.613017132702485
0.7869550293225582,0.10648240083910808,0.10656256983833372
0.15471945810638227,0.0735530469831365,0.7717274949104812
0.7578144225867861,0.12107936254891127,0.12110621486430267
0.8003949339108598,0.09980316086008638,0.09980190522905381
0.8603311762624847,0.06982559572389326,0.069843228013622
0.7779387862459998,0.11101765358605661,0.11104356016794364
0.24015603734632493,0.6481726916184816,0.11167127103519353
0.9286240561889829,0.039319295345645044,0.03205664846537211
0.8972637551230969,0.051537883286498144,0.05119836159040497
0.7358632936075031,0.1320675929087262,0.13206911348377068
0.1561947163795153,0.7939584419763491,0.04984684164413559
0.8699987115084545,0.06497150714103865,0.0650297813505069
0.8874975363144735,0.05446123348760504,0.058041230197921394
0.220141124305643,0.6212126362244095,0.15864623946994744
0.6976233907835361,0.1511888420826006,0.15118776713386328
0.7371904913251691,0.13139570116262905,0.13141380751220186
0.6826706795935774,0.158651463940553,0.15867785646586963
0.7621915184104145,0.11890490614601142,0.11890357544357406
0.7774166238574294,0.11128576263133912,0.11129761351123149
0.8284777267112188,0.08575632439472032,0.08576594889406094
0.8463672246586167,0.07680614851624053,0.0768266268251429
0.9288936069319643,0.03550752988340241,0.03559886318463318
0.21862358113291444,0.1588278266807106,0.622548592186375
0.8940944697130646,0.05293699846118393,0.052968531825751536
0.7487425114002213,0.1256148734853628,0.125642615114416
0.9271097634302761,0.036436205903221115,0.0364540306665027
0.7657999352341373,0.11709978376262872,0.11710028100323397
0.8176124151450866,0.09119250036521552,0.09119508448969792
0.8377198778376304,0.0811328493987389,0.08114727276363076
0.6963748034699814,0.15181238546693152,0.15181281106308714
0.8231788773571344,0.08841450314647396,0.0884066194963916
0.7848501644178353,0.10757406208239305,0.10757577349977163
0.8648438375338269,0.06756512075327946,0.06759104171289375
0.7208322266190998,0.1395737970928683,0.13959397628803197
0.7913840953724735,0.10430012478698755,0.1043157798405391
0.8095354640808673,0.09523269395677776,0.09523184196235497
0.9240087867870932,0.03810128866028963,0.03788992455261722
0.8361679411192002,0.0821212933238396,0.08171076555696018
0.6923497682813858,0.15382664344863906,0.15382358826997508
0.3087379194509002,0.5693512380754371,0.12191084247366278
0.8816505070366316,0.059176112512715574,0.059173380450652804
0.9525669099973247,0.02372262282956386,0.023710467173111448
0.842260989774921,0.07886573111240625,0.07887327911267263
0.7431756884405779,0.12841171430032972,0.12841259725909238
0.8018780746973064,0.09905166237205265,0.09907026293064083
0.8844526241625549,0.05779683181896037,0.05775054401848469
0.8478265136661374,0.07606067046073897,0.07611281587312353
0.37096970444416655,0.5495980492542959,0.07943224630153758
0.8132731406052777,0.09404285493240151,0.09268400446232086
0.8920751271050312,0.05395351415505859,0.053971358739910234
0.9129489810618074,0.04353063837524777,0.04352038056294479
0.9218708198487184,0.039076928588514914,0.0390522515627666
0.7002716756001407,0.14986415781677523,0.14986416658308402
0.7007441673222005,0.14963738954776457,0.14961844313003494
0.8895645076149484,0.055181533210782854,0.05525395917426858
0.736236681487273,0.1318811192775515,0.13188219923517544
0.7007441673222005,0.14963738954776457,0.14961844313003494
0.7312938494725654,0.13435098025785341,0.1343551702695812
0.7551806407250191,0.12240775603567804,0.12241160323930292
0.7726277222983238,0.11375643464702671,0.11361584305464958
0.7434773505399532,0.12826092715049492,0.12826172230955185
0.3970345094788432,0.4651560039545463,0.13780948656661046
0.8219410437759986,0.08916704657561653,0.08889190964838478
0.8192234371714302,0.0903872018057814,0.09038936102278843
0.7007441673222005,0.14963738954776457,0.14961844313003494
0.6921812934171995,0.15364283031398868,0.15417587626881188
0.8514588704308362,0.07424870832759684,0.07429242124156679
0.8137361604120196,0.09312463113327443,0.09313920845470595
0.6917016981485815,0.15414767192309867,0.15415062992831977
0.8036507910862228,0.09817366274834814,0.09817554616542902
0.29955190968301476,0.5946098839066503,0.10583820641033508
0.9021615107582536,0.04885107309688804,0.048987416144858395
0.814813017951345,0.09256506617110341,0.0926219158775515
0.8209434201232558,0.08951345348183969,0.08954312639490453
0.8591251584030586,0.0704298877128004,0.0704449538841411
0.7067486595355447,0.14662626955632158,0.14662507090813368
0.9192188948444873,0.04037930097948547,0.04040180417602725
0.8589323865241627,0.07052116974508263,0.0705464437307547
0.7615198925844877,0.11923896512708372,0.11924114228842868
0.23284217267620477,0.1565482094519143,0.610609617871881
0.7500523926942964,0.12495106619839655,0.12499654110730714
0.6949108075421466,0.15254660733452788,0.1525425851233255
0.840453332112946,0.0797710733657185,0.07977559452133545
0.7772052078928662,0.12510560942929858,0.0976891826778352
0.87437965147959,0.06280637851314977,0.0628139700072601
0.7067486595355447,0.14662626955632158,0.14662507090813368
0.8817782457748178,0.058843777635499236,0.05937797658968301
0.8418257603901342,0.07906798263565062,0.07910625697421507
0.7275330597486587,0.1362321704315206,0.1362347698198208
0.7396103422521283,0.1301934883349058,0.1301961694129659
0.11019086201002758,0.8395345925969477,0.05027454539302479
0.8594048373548024,0.07028895416696672,0.07030620847823087
0.7975206221781543,0.10121893965815361,0.10126043816369205
0.8300116271651158,0.08504086609679555,0.08494750673808865
0.7908985152105708,0.10454763905823664,0.10455384573119259
0.7637132939026582,0.11814225517308936,0.11814445092425235
0.7560254253389607,0.12197800284869423,0.12199657181234506
0.7489029717447567,0.12554053702965604,0.12555649122558737
0.7516505234879939,0.12417914596775105,0.12417033054425516
0.8245032795214083,0.08774409028065824,0.08775263019793336
0.852408127435438,0.07379360149397655,0.07379827107058527
0.15385836614737186,0.11127258807965149,0.7348690457729765
0.7757494486363644,0.11210331415540373,0.11214723720823178
0.8132206365100333,0.09355480042697527,0.09322456306299139
0.9029867041114633,0.04856919154048239,0.04844410434805429
0.48167272921254856,0.0618700563659732,0.45645721442147813
0.8766627959055051,0.06165759494207133,0.06167960915242352
0.8495737853907991,0.0751852008011288,0.07524101380807215
0.9421944890201943,0.0290805196703296,0.0287249913094761
0.6666538381852889,0.1666727323011192,0.1666734295135919
0.6892606083095746,0.1553681506791231,0.15537124101130237
0.7635101429593961,0.11824273428254249,0.11824712275806147
0.795812875377241,0.10209131786835472,0.10209580675440437
0.7748384429553162,0.1125734956465304,0.11258806139815336
0.7733442509707255,0.11331579147501654,0.11333995755425803
0.7936215991667884,0.10318456104841629,0.10319383978479524
0.9187902977973189,0.04059300608559998,0.04061669611708095
0.7805070136816836,0.10974300498624989,0.10974998133206643
0.8635874534172484,0.06824504976577382,0.06816749681697774
0.6899306214964497,0.155032156292092,0.15503722221145821
0.807841348249371,0.09607795608387233,0.09608069566675656
0.7189778495902303,0.14049171642918282,0.140530433980587
0.6773816273639052,0.16136971187972088,0.16124866075637395
0.8501402180567469,0.07491360861589391,0.07494617332735927
0.7625197655014718,0.11874446395505464,0.11873577054347356
0.8650933673882486,0.06744662929442781,0.0674600033173236
0.8190484089481845,0.09264112549398519,0.08831046555783026
0.7036194689832422,0.14818923109496965,0.14819129992178806
0.687712657747034,0.15613915404727638,0.15614818820568963
0.7067486595355447,0.14662626955632158,0.14662507090813368
0.7744598845453827,0.11275039900862664,0.11278971644599062
0.8670434904995493,0.06645012572246203,0.06650638377798855
0.9178686992449268,0.041049968159962896,0.04108133259511054
0.7947500952360623,0.10262314796878855,0.1026267567951492
0.6666538381852889,0.1666727323011192,0.1666734295135919
0.8605957360944503,0.0696959888052932,0.06970827510025657
0.8788383615664528,0.06057113895826062,0.06059049947528663
0.7783016393665289,0.11085026068042156,0.11084809995304969
0.7949473727550458,0.10256831216414908,0.10248431508080515
0.7619854404736731,0.11901170227892438,0.11900285724740259
0.846537027173784,0.07670192016532251,0.0767610526608934
0.8935597062004271,0.053211607330515595,0.05322868646905721
0.7007441673222005,0.14963738954776457,0.14961844313003494
0.9301302144066799,0.03492664619577389,0.034943139397546334
0.695177593714942,0.15241078147455175,0.1524116248105062
0.7036194689832422,0.14818923109496965,0.14819129992178806
0.690986022686431,0.15454208522169408,0.1544718920918751
0.9156827326951387,0.042142293497279354,0.04217497380758202
0.9469244619516429,0.026564881259853016,0.026510656788503922
0.7815635738597436,0.10922025687331989,0.10921616926693654
0.9005520068516971,0.04986671681985112,0.049581276328451704
0.864570832349122,0.06778027968478846,0.06764888796608957
0.7435804196892117,0.13383549572902984,0.1225840845817584
0.805945113313206,0.09663573231873568,0.09741915436805841
0.7171112382366416,0.14145163880085843,0.1414371229625
0.7954387820531268,0.10227463667104714,0.102286581275826
0.8155075437713588,0.09217709958815594,0.09231535664048528
0.18529261349683493,0.1321028022886099,0.6826045842145552
0.8975238769741934,0.05132797383033972,0.05114814919546689
0.35317387522391314,0.5076437155487402,0.1391824092273467
0.7519681706176047,0.12400694653006526,0.1240248828523302
0.8275255354068729,0.08622625264476473,0.08624821194836242
0.9257158031886831,0.03712870444867678,0.03715549236264015
0.6666538381852889,0.1666727323011192,0.1666734295135919
0.9367782569312327,0.031665064435973604,0.031556678632793655
0.7360094473321134,0.1319973706944537,0.13199318197343293
0.7067486595355447,0.14662626955632158,0.14662507090813368
0.7799591780721862,0.11001231905421976,0.11002850287359392
0.8347669743739783,0.08259652533166209,0.08263650029435958
0.8922137108481317,0.05387452018013033,0.05391176897173806
0.7837662491895613,0.09749472943769823,0.11873902137274046
0.7627215508728253,0.11864116719764,0.11863728192953478
0.8200818580628539,0.08993841733576455,0.08997972460138154
0.8329462718243232,0.08351368715479644,0.08354004102088028
0.7458519910045847,0.12704669187560225,0.12710131711981323
0.3161704990542763,0.5667416029704462,0.11708789797527756
0.8390628795149994,0.08045444560658109,0.0804826748784197
0.7283816387051265,0.13580472739422383,0.13581363390064968
0.7067486595355447,0.14662626955632158,0.14662507090813368
0.8962804200519049,0.05202307275673379,0.05169650719136129
0.8395108738336593,0.08022416719024708,0.08026495897609356
0.78657962573155,0.10664175865100768,0.10677861561744234
0.7869552213408425,0.10651354320949731,0.10653123544966024
0.13265295827093374,0.11051283453084125,0.756834207198225
0.8942779400409201,0.05283638737612379,0.05288567258295624
0.8361980437053095,0.08187644426591958,0.08192551202877107
0.7067486595355447,0.14662626955632158,0.14662507090813368
0.8621156608183111,0.06948726874101152,0.06839707044067725
0.7423290441491264,0.1288357807396906,0.1288351751111829
0.8539955734613783,0.0729848757971974,0.07301955074142427
0.7067486595355447,0.14662626955632158,0.14662507090813368
0.8116914094941164,0.09413048303811603,0.09417810746776763
0.8160870385558476,0.09195677629848098,0.09195618514567133
0.8950563444024427,0.05261226502277888,0.05233139057477845
0.8920699131769504,0.054118808844437656,0.05381127797861206
0.6970927426890664,0.15145184753531032,0.1514554097756232
0.7571616246215748,0.1214126875885957,0.12142568778982957
0.8454620681021043,0.07726162995286263,0.0772763019450331
0.7845834565150792,0.10770819296335592,0.10770835052156483
0.8843416243874346,0.05811859200506996,0.05753978360749547
0.8313694529556996,0.08430184322074481,0.08432870382355549
0.7883301712391593,0.10583372960252306,0.10583609915831756
0.8679620895377678,0.0659972204993916,0.06604068996284056
0.8925695405221534,0.05366593165265675,0.053764527825189715
0.13083404496414974,0.8202998147991396,0.04886614023671072
0.7276162203051014,0.13617814701612493,0.13620563267877364
0.8928708547975523,0.05352554158956502,0.05360360361288258
0.7007441673222005,0.14963738954776457,0.14961844313003494
0.7943391902533464,0.10282922350205272,0.1028315862446008
0.8160156449245407,0.09197913143155415,0.09200522364390515
0.9057565612197143,0.047109379324299816,0.04713405945598594
0.14421084774962442,0.11109096587920318,0.7446981863711724
0.8092537116054032,0.09535005951830326,0.09539622887629359
0.9225031053903052,0.03880265671192099,0.038694237897773716
0.8231021931103,0.08843674024320586,0.08846106664649425
0.8877915569379969,0.056104829271442475,0.056103613790560516
0.9524391594412015,0.023751902152059603,0.02380893840673895
0.8759824387107771,0.06199565253082904,0.06202190875839403
0.6666538381852889,0.1666727323011192,0.1666734295135919
0.8251947485470363,0.08740182554080907,0.08740342591215464
0.7550561998079078,0.12244411033582424,0.12249968985626777
0.7375940125799637,0.13120264707460177,0.13120334034543452
0.7739404597505866,0.11299993299384364,0.11305960725556968
0.6966485319963814,0.15167767914051158,0.15167378886310703
0.27292534724476614,0.6414240284864857,0.08565062426874828
0.12177971406822685,0.09949088138941221,0.778729404542361
0.9071058205162591,0.04639886005589459,0.04649531942784627
0.8631122732150067,0.06843578475695022,0.06845194202804311
0.7355869228438277,0.1322057269471136,0.13220735020905885
0.891354606631536,0.054299557521666826,0.05434583584679712
0.8358048310980657,0.0813849365138255,0.08281023238810878
0.7831387807784478,0.10842959395726454,0.10843162526428757
0.8256829916670891,0.08715357399082203,0.08716343434208881
0.7999971001539851,0.09996719409920378,0.10003570574681106
0.7469461084688581,0.12652110175540857,0.12653278977573326
