P(topic 1),P(topic 2),P(topic 3),P(topic 4),P(topic 5),P(topic 6),P(topic 7),P(topic 8)
0.04509646594929052,0.045096464868208605,0.04514267824676563,0.3097802277417634,0.045096465621250824,0.4195944254900206,0.04509646570909957,0.045096806373600876
0.019274378283348142,0.019274375465111526,0.019279849364643938,0.019274378638582,0.01927437743127516,0.8650738857038868,0.019274377666045558,0.019274377447106875
0.027270029095075834,0.027270025912604655,0.027278815623576612,0.027270029496698836,0.027270028131540388,0.5103611240733399,0.027270028389042255,0.32600991927812145
0.036200000142994876,0.03619999993814369,0.036290898060975706,0.036200000168880316,0.036200000081049025,0.746509020079931,0.036200000097639566,0.0362000814303857
0.045148674326867734,0.04514867297414668,0.04519306186968674,0.045148674497645,0.04514867391776924,0.4209590545679433,0.04514867402726715,0.30810451381867426
0.01780773364110738,0.017807728765101435,0.017816244754932504,0.017807734256639885,0.017807894018815305,0.6350936986374398,0.01780773255826548,0.2580512333676982
0.3642960154109544,0.0369616084073536,0.03706114002796245,0.03696160921711521,0.03696160890874412,0.41383463449524027,0.03696160896752814,0.036961774565101954
0.02437672097132001,0.024376718968547144,0.02440218081858863,0.024376721224955954,0.024376720365980837,0.8293374813773431,0.024376720528653386,0.02437673574461093
0.03750604765369681,0.03750604757481071,0.03752866906131609,0.037506047663667864,0.03750604762985174,0.7374350120017963,0.03750604763622517,0.03750608077863537
0.03680659396222975,0.03680659389284797,0.03682549833339296,0.03680659397113366,0.03680659394114017,0.7423348954937538,0.03680659394677385,0.03680663645872785
0.05838971335473316,0.058389713095047084,0.5912321229639929,0.0583897133877863,0.05838971327557099,0.05842942793925401,0.05838971329679224,0.05838988268682344
0.05230129485094833,0.05230129451062315,0.05244165285523438,0.05230129489425942,0.052301294747869646,0.6337501553274241,0.052301294775562494,0.05230171803807855
0.04983102446801415,0.04983102443233299,0.6511586144032836,0.0498310244736735,0.04983102445483126,0.04985515803187063,0.049831024458379856,0.04983110527761397
0.028183208414968717,0.02818320706654247,0.0281915413632646,0.028183208585061775,0.1619784386561137,0.6689139551059747,0.028183208116073402,0.028183232692000525
0.012345014735007563,0.012345013341807227,0.012347656804756245,0.012345014918680928,0.01234501431365315,0.6491022980247312,0.27682497360707164,0.012345014254292054
0.03209051892342674,0.032090518518162324,0.032121415092394225,0.03209051897412539,0.03209051880068647,0.7753354464445104,0.03209051883449265,0.03209054441220193
0.044649699955161035,0.04464969988676012,0.04469224252561014,0.04464969996333084,0.04464969993533228,0.6874093094396436,0.044649699939493435,0.04464994835466841
0.034058783223639755,0.03405878315360839,0.03408273541302949,0.03405878323247942,0.03405878320225165,0.7615645278948951,0.0340587832079279,0.03405882067216832
0.03616680791409505,0.03616680647332219,0.111081535299092,0.036166808096001056,0.03616680747844523,0.6719175846647462,0.03616680759493385,0.03616684247936443
0.03146311193019039,0.27576945343582077,0.031977157543077214,0.03146311222557112,0.03146311147676434,0.5349377850392228,0.031463111596585436,0.03146315675276785
0.02951320475636425,0.029513204525657023,0.525275047880599,0.029513204755045805,0.02951320466733822,0.2976456971658286,0.029513204683863318,0.02951323156530371
0.03010841609239949,0.03010841497808425,0.030126697095398988,0.030108416233227676,0.03010841575580262,0.789222772962995,0.030108415845561523,0.030108451036530315
0.023379563589677015,0.023379560460660163,0.023433923532588868,0.023379563984205695,0.02337956264955048,0.8362886916070681,0.02337956289592882,0.023379571280320838
0.009047999006129714,0.009047986312492755,0.009050094434265375,0.009048000642914025,0.00904799512893609,0.9366619282375166,0.009047996133140652,0.00904800010460466
0.027269405777805518,0.027269402716497824,0.027278670734247827,0.027269406163988038,0.027269404852439158,0.8091048870116498,0.027269405099659524,0.027269417643712365
0.03638417137497894,0.036384170449984425,0.03643200948766067,0.03638417149169553,0.03638417109539999,0.7452629099349719,0.03638417117015547,0.03638422499515296
0.03578888083133926,0.035788880619042604,0.035798891138903666,0.035788880858164604,0.03578888077030438,0.7494677485597382,0.03578888078511109,0.03578895643739625
0.019262644523699194,0.01926264412419881,0.019275757724136366,0.019262644574115827,0.019262644403262037,0.8651483758246453,0.01926264443552994,0.019262644390412607
0.020390024369177986,0.020390023328785818,0.020394812746408485,0.020390024499116595,0.020390024054650156,0.8572650428412116,0.020390024147557077,0.020390024013092315
0.023647556079525064,0.023647554002268704,0.023649246709827355,0.02364755634494773,0.023647555446972397,0.8344654065116107,0.02364755561447435,0.02364756929037364
0.026620270961421662,0.02662026901532334,0.026629540064150792,0.026620271207011062,0.026620270373028287,0.8136488175831541,0.026620270530665725,0.026620290265244963
0.030423726948802216,0.030423726574256366,0.030440033964489664,0.03042372700604788,0.030423726835026126,0.7870175746340393,0.030423726865288513,0.030423757172049815
0.0567077945610678,0.056707794549725826,0.6029944144633208,0.05670779456263929,0.056707794557359,0.05675858560382783,0.05670779456115516,0.056708027140904414
0.017374906788393624,0.017374904479060118,0.017376816978874818,0.017374907065748794,0.017374906079737493,0.8783737378629246,0.017374906265343406,0.01737491447991713
0.05625082274238538,0.05625082273819398,0.6062208558440118,0.05625082274281298,0.05625082274134351,0.056273958444559936,0.056250822741720816,0.056251072004971606
0.05525011297188514,0.05525011296912981,0.6132184179261462,0.055250112972237954,0.055250112971297255,0.05528061703886455,0.055250112971270526,0.055250400179168636
0.0142765060293143,0.014276492733278263,0.014278439400687366,0.014276507705922889,0.014276502008953997,0.9000625475481251,0.014276503087164416,0.014276501486553655
0.019895624997747354,0.019895623594928726,0.019897506430227554,0.019895625174755457,0.01989562457373546,0.6256191096778579,0.2550052610053351,0.01989562454541239
0.02437977942160835,0.024379771950348288,0.02442589373476069,0.024379780361128336,0.024379777161851923,0.8292954360741793,0.02437977776419237,0.024379783531930616
0.03804327741729812,0.0380432773239756,0.03807601624406368,0.038043277426160885,0.038043277387310406,0.7336642015124984,0.03804327739485698,0.038043395293835956
0.048183813270233085,0.04818381326059486,0.6626479762341577,0.04818381327145956,0.048183813267184086,0.048249017566497264,0.04818381326903043,0.04818393986084323
0.013927027230312819,0.013927003495921946,0.013946005016242552,0.01392703025051468,0.013927020012169873,0.9024918729165028,0.013927021979450597,0.013927019098884698
0.04371301553430092,0.04371301525144925,0.04381501231146914,0.36204676422053045,0.043713015446153164,0.37557301166626655,0.04371301546733306,0.04371315010249733
0.035043218407815234,0.03504321676814851,0.03506681888876039,0.03504321861470945,0.0350432179121864,0.7546738315977507,0.03504321804507004,0.03504325976555927
0.00977858387344464,0.009778557479292831,0.009778070612842669,0.009778587205653541,0.009778575899507572,0.9315504720421366,0.009778578024704901,0.009778574862417344
0.04444004177125075,0.04444004144849868,0.5516940644651859,0.04444004181431208,0.04444004166807013,0.1816656512105606,0.0444400416963976,0.04444007592572424
0.03671831271176248,0.03671830999017033,0.28961901348056757,0.03671831259820213,0.03671831160588562,0.24810925672385278,0.036718311793155954,0.2786801710964031
0.035936358008409997,0.03593635790004332,0.03594665062603223,0.03593635802214908,0.03593635797593249,0.7484351683639847,0.035936357984383015,0.03593639111906519
0.03825841577163146,0.03825841560920703,0.03840898976808219,0.03825841579213746,0.03825841572421664,0.7320404084886243,0.038258415735998266,0.03825852311010278
0.041549213557242795,0.04154921286479453,0.15940046337328062,0.04154921364226769,0.041549213347536466,0.04161371322962891,0.04154921340493557,0.5912397565803135
0.050148598143287246,0.3465538626813438,0.05023905329302718,0.0501485985176057,0.05014859724658564,0.35246348953121304,0.050148597486557214,0.05014920310038027
0.05625082274238538,0.05625082273819398,0.6062208558440118,0.05625082274281298,0.05625082274134351,0.056273958444559936,0.056250822741720816,0.056251072004971606
0.0573942185607001,0.057394218550016224,0.5982264791548347,0.057394218562301896,0.05739421855697247,0.05740800253506097,0.05739421856211476,0.05739442551799876
0.05625082274238538,0.05625082273819398,0.6062208558440118,0.05625082274281298,0.05625082274134351,0.056273958444559936,0.056250822741720816,0.056251072004971606
0.0248166123103082,0.024816611630152977,0.2844856013849763,0.024816612396333454,0.024816612104610575,0.5666147147313466,0.02481661215977406,0.024816623282497768
0.03008328756400018,0.03008328663288969,0.030099416771305492,0.030083287681297796,0.030083287283634772,0.7894008230544536,0.0300832873578645,0.030083323654553892
0.008220356414386596,0.008220338967234333,0.008663452682462195,0.008220358609815778,0.00822289818703617,0.9420118921447131,0.00822035254446463,0.008220350449887098
0.03322520402054748,0.03322520333263149,0.033274724473896206,0.0332252041185324,0.03322520381081229,0.5278074468054993,0.033225203867131584,0.2727918095709492
0.048300305632159944,0.048300305610622464,0.04843575308204464,0.048300305634515775,0.04830030562516152,0.6617619103332462,0.04830030562902538,0.04830080845322418
0.056830581277675485,0.05683058126890798,0.6021648000779415,0.05683058127881285,0.05683058127497997,0.05685148458582784,0.05683058127653134,0.05683080895932293
0.03644096372380751,0.03644096085286578,0.309408802431752,0.036440964086469255,0.036440962853476803,0.47194538578176665,0.036440963087344576,0.03644099718251742
0.036273559657634014,0.03627355928858417,0.14589646670859935,0.03627355970249334,0.03627355956263468,0.6364620992899278,0.036273559574244205,0.03627363621588249
0.3187009791587699,0.03480233050828314,0.034864559732475355,0.03480233192545089,0.0348023313974344,0.47242269611769805,0.03480233148800287,0.034802439671885455
0.0250495925616013,0.02504959033479644,0.025059366417775765,0.02504959284324857,0.0250495918883605,0.8246430719016901,0.02504959206823812,0.025049601984289273
0.02916580632590652,0.02916580463079346,0.029250864195438476,0.10826847728889374,0.029165805815769788,0.7166515997175548,0.02916580595036443,0.02916583607527887
0.05884515161402559,0.05884515153112927,0.12124447326936454,0.5254180394158537,0.0588451515875196,0.059104163043323756,0.05884515159696712,0.05885271794181631
0.020098339656955722,0.02009833926414844,0.020107384600455504,0.02009833970641066,0.020098339536797936,0.8593025704730322,0.02009833957726155,0.020098347184938074
0.025562636688690365,0.4480863635847097,0.025825179885222156,0.0255626374311471,0.025562634914968997,0.3982752605483017,0.025562635389648376,0.025562651557311477
0.009778304430167145,0.009778303816490112,0.009780442589596188,0.009779268201589269,0.009778304239508831,0.9315487682068857,0.009778304289192194,0.009778304226570583
0.013654834997276556,0.013654822265016285,0.013655185378831428,0.01365483689471835,0.013654831135209981,0.9044158265299801,0.013654832163050268,0.013654830635917202
0.057107095010165185,0.057107095000167675,0.600229094166255,0.057107095011802174,0.05710709500676967,0.057128118376807535,0.057107095007732665,0.05710731242029998
0.04421343975835847,0.044213439638111425,0.044246896442179905,0.0442134397738587,0.044213439721841316,0.690472249445203,0.04421343973360868,0.04421365548683849
0.011414120733661397,0.011414118532087132,0.011416589222216706,0.011414121009595228,0.011414120086788711,0.9200986891673302,0.01141412024488779,0.011414121003432897
0.025220951727730232,0.025220949338274113,0.31602078464266464,0.025220952028720718,0.025220951004992276,0.5326535004178573,0.025220951198227672,0.025220959641533165
0.02548853824467191,0.0254885368155832,0.025496362526861473,0.02548853842508073,0.02548853785006104,0.8215723953975105,0.025488537928110462,0.02548855281212081
0.037978653509226676,0.03797865336986826,0.03803727276734145,0.03797865352724049,0.037978653467233434,0.7340906999975889,0.0379786534877411,0.03797875987375965
0.05525011297188514,0.05525011296912981,0.6132184179261462,0.055250112972237954,0.055250112971297255,0.05528061703886455,0.055250112971270526,0.055250400179168636
0.026501049125919163,0.026501049000198826,0.026509564150929348,0.026501049140808884,0.026501049086691663,0.8144841228214056,0.026501049097094203,0.026501067576952437
0.018623787525306162,0.018623785977528926,0.01862640725672595,0.018623787777139755,0.01862378692262857,0.869630870213675,0.018623787084024006,0.0186237872429716
0.052685416136415725,0.05268541548412696,0.2350144836923853,0.4487185155605782,0.0526854159391473,0.05283943547779113,0.05268541599683082,0.0526859017127245
0.05169214614982677,0.0516921457395974,0.051719164174804745,0.05169214620162191,0.05169214602577,0.6381277427454451,0.05169214605901101,0.05169236290392307
0.05696393009740109,0.05696393008894146,0.6012230344055157,0.056963930099599346,0.056963930093799714,0.056993162273418496,0.056963930095340634,0.05696415284598353
0.04921741481683075,0.049217414700827924,0.6553055498845795,0.049217414835345176,0.04921741478177319,0.04938986130721807,0.04921741479114788,0.049217514882277526
0.035487107129856775,0.03548710588281511,0.0355659040592349,0.03548710720404225,0.03548710665795498,0.7515113888639621,0.03548710674742687,0.03548717345470701
0.032919338733348284,0.03291933822464689,0.2514932204247539,0.03291933879967895,0.032919338578848704,0.5509907196254084,0.03291933862010606,0.032919366993208646
0.013082068537654177,0.013082061242734679,0.013083197653268833,0.013082064353219113,0.013082063170067257,0.9084244171520833,0.013082063391610185,0.013082064499362398
0.047193643445060274,0.04719364330977649,0.04722046934914719,0.04719364346211436,0.04719364340402802,0.6696174922478496,0.04719364341520825,0.047193821366815686
0.05620964178078799,0.05620964177402431,0.6064979617327967,0.05620964178179202,0.0562096417787774,0.05624393673471144,0.05620964177930054,0.05620989263780964
0.057114972364701005,0.05711497226987503,0.05722866641656335,0.057114972378642104,0.057114972334852555,0.6000806047440654,0.05711497234311732,0.05711586714818325
0.025340812105678883,0.02534081046752538,0.025356188613386683,0.025340812315566272,0.02534081161045583,0.8225989234516042,0.025340811742631652,0.025340829693151032
0.05411722370684698,0.0541172237031483,0.6211287451424389,0.05411722370773333,0.054117223705526005,0.05416757896809755,0.054117223705979725,0.05411755736022915
0.04949353586868318,0.049493535855182035,0.6535228974682581,0.049493535870372134,0.04949353587178521,0.04951579330094898,0.04949353586602828,0.04949362989874202
0.03316731427627417,0.03316731353073519,0.21775229509398147,0.03316731437212564,0.03316731405208938,0.5832437807859138,0.0331673141108094,0.03316735377807095
0.028344332851685954,0.028344332232380236,0.37068910902453606,0.028344332932162195,0.02834433265882252,0.45924488093308957,0.02834433270993326,0.028344346657390128
0.018385150383232057,0.018385150061100163,0.018408304985975715,0.018385150424931322,0.01838515028207282,0.8712807870498178,0.018385150309957566,0.018385156502912572
0.019195895957299182,0.01919589194603745,0.019201468835773696,0.019195896465254998,0.019195894740300097,0.6893273084917753,0.019195895064442966,0.19549174849911632
0.012224363782037588,0.012224360275182467,0.012230895565012324,0.012224364224522107,0.012224362726132964,0.9144229267386916,0.012224363007937524,0.012224363680483543
0.3330143593569535,0.030449938045145907,0.03047035381883219,0.030449940455355533,0.030449939534993444,0.48426555296178103,0.030449939710141406,0.030449976116796996
0.029298130295340237,0.02929812937156806,0.029302446578129485,0.029298130410755213,0.029298130015069694,0.7949087415513751,0.029298130089484238,0.029298161688277976
0.015250003437078167,0.015249998946507083,0.015250599181872953,0.015250004006053454,0.01525000207745799,0.8932493858039107,0.015250002462398328,0.015250004084721526
0.038296921264899135,0.03829692061253534,0.03831296488450581,0.03829692134724766,0.038296921073612544,0.7319054171898229,0.03829692112793289,0.03829701249944356
0.019285722498548055,0.019285721631890823,0.06588724431311434,0.019285722608560155,0.01928572223315741,0.8183984155994233,0.019285722341110773,0.019285728774195144
0.02131454006649273,0.02131453823302882,0.02132644706661336,0.021314540293519636,0.021314539510516976,0.8507863055236814,0.02131453965723351,0.021314549648913345
0.035197550731661566,0.03519755025663957,0.035252740786175005,0.03519755079139127,0.03519755058700829,0.7535618795483877,0.0351975506252545,0.03519762667348207
0.027698951403757832,0.027698949284591202,0.027700666563426225,0.027698951383219553,0.027698950581961822,0.8061056200259673,0.027698950737275376,0.027698960019800715
0.04534994403855936,0.04534994239096168,0.04578430171756752,0.04534994424649706,0.04534994354041078,0.4296731861623763,0.2977924645188973,0.04535027338472996
0.025305204131380685,0.02530520302953915,0.02530983744791074,0.025305204269287698,0.025305203796911598,0.8228589097072427,0.0253052038869381,0.02530523373078938
0.04701743938840415,0.04701743758184449,0.04703321435261771,0.047017439616513425,0.04701743884191685,0.6708620216111554,0.04701743898820731,0.0470175696193406
0.031526446629986216,0.03152644469622594,0.03163078278958151,0.03152644686670112,0.03152644604249259,0.7792104838425167,0.031526446194772594,0.03152650293772349
0.04161496422158353,0.041614961864402195,0.04164611427180917,0.041614964505705176,0.255060989752608,0.4952178873675982,0.04161496369127985,0.041615154325013934
0.012893017966142782,0.012893009213408725,0.01289319213013671,0.012893019071011612,0.012893015320032869,0.9097487151704753,0.012893016034547825,0.012893015094244266
0.034142226445434576,0.03414222636250726,0.03420277302942376,0.03414222645556504,0.03414222641993027,0.7609438309350971,0.034142226426621035,0.034142263925421086
0.01918588190117591,0.019185881670734938,0.019197698045740626,0.019185881932664992,0.01918588182548685,0.865687006414245,0.019185881846024027,0.019185886363927568
0.02730360573632039,0.027303603282522876,0.027306700503089275,0.02730360605091731,0.22926663854530038,0.6069086087442308,0.02730360529493061,0.027303631842688428
0.027102698841640873,0.02710269864064309,0.02710666102911881,0.027102698865192065,0.027102698775978904,0.8102771208833528,0.027102698792206368,0.027102724171867012
0.039568855493974646,0.039568854351842785,0.039596504065121024,0.03956885563772907,0.24901591921823646,0.5135431346498259,0.03956885524062347,0.03956902134264653
0.02818903874624023,0.028189036556172387,0.028200864606351274,0.028189039023076984,0.028189038154907625,0.6143396777886417,0.21651424026420915,0.02818906486040049
0.031136227920469224,0.031136473324593926,0.525957741382465,0.031136227952139845,0.031136227842730353,0.28722463008389754,0.031136227858908794,0.031136243634795436
0.018759422235175634,0.01875942100851073,0.5584709555517546,0.01875942238975334,0.018759421860634923,0.3289725090342959,0.018759421959434613,0.018759425960440217
0.014801227405617252,0.014801226307655006,0.014805228970385586,0.014801227544824483,0.014801227072658664,0.896387408507853,0.01480122716166171,0.014801227029344164
0.04447791522546794,0.04447791512839657,0.044533596440658095,0.04447791524508162,0.044477915166920776,0.6885987156169249,0.04447791519647672,0.044478111980073336
0.021579371035414657,0.021579367151892875,0.052641909538356006,0.021579371530344574,0.021579369863543894,0.817881870997074,0.02157937017501922,0.021579369708354963
0.03426899238222709,0.0342689890588295,0.034275217271942875,0.03426899280157043,0.03426899137747419,0.76011080173347,0.0342689916462861,0.03426902372819982
0.020811356971470702,0.02081135581371887,0.020872801589544795,0.020811357146344817,0.020811356549571173,0.8542590545908367,0.02081135669521335,0.020811360643299557
0.030182273846053854,0.03018227376831928,0.030237211254647896,0.03018227385574977,0.030182273822332174,0.7886691010103222,0.030182273828704524,0.0301823186138703
0.024653741130030313,0.024653738925391782,0.024718781392254092,0.0965964003702792,0.024653740461972207,0.75541608837999,0.02465374064077577,0.024653768699306716
0.026464960789285223,0.026464958380021532,0.02646789876518169,0.026464961093360023,0.02646496006195421,0.8147423310162153,0.02646496025591066,0.02646496963807136
0.2777148534936043,0.02865540088983221,0.028671699094036107,0.02865540380656816,0.02865540269684039,0.5503363948922204,0.028655402905424225,0.028655442221473988
0.013835273856872521,0.013835271331159152,0.013840013850050487,0.013835274178828724,0.013835273092832336,0.9031483461031646,0.013835273295929722,0.013835274291162566
0.01563104936675483,0.015631047990868275,0.42305210408648,0.015631049551244457,0.01563104894640184,0.4831616009513261,0.015631049060446767,0.01563105004647769
0.01671807960444737,0.016718077999382047,0.016720014651296952,0.016718079808379964,0.01671808206760763,0.8829715038576346,0.016718079263083455,0.01671808274816787
0.01895987445669336,0.0189598716733459,0.018969385331000684,0.01895987480744683,0.018959873615283028,0.867271367833327,0.018959873839721114,0.018959878443182067
0.0202989014090081,0.02029889665406843,0.02029990215728041,0.04655009724534726,0.020298899972601283,0.8316554966437101,0.0202989003495942,0.02029890556839023
0.02747948448935666,0.02747948305985288,0.20815884765085207,0.02747948467507375,0.027479484057701897,0.62696422952732,0.027479484213862298,0.027479502325980475
0.019495726900165333,0.01949572549761383,0.019499517723299473,0.019495727077787028,0.019495726475435175,0.8635261177395761,0.019495726647618446,0.01949573193850455
0.026978230844863227,0.0269782306365931,0.02699127872178246,0.02697823087215687,0.026978230779495994,0.8111393236700386,0.0269782308184268,0.026978243656642968
0.03818396879331281,0.038183968484995924,0.03822880367996201,0.038183968832530765,0.038183968699252974,0.7326672810807137,0.038183968724503095,0.03818407170472881
0.03128238799741998,0.03128238530035475,0.031306097653645566,0.2182827718727306,0.03128238718145269,0.5939991604933945,0.03128238739992887,0.031282422101072974
0.034493495817634945,0.034493495287127654,0.03451695618038168,0.03449349588772288,0.034493495678426106,0.7585220099985246,0.034493495701005086,0.03449355544917708
0.027580851211856612,0.0275808505550184,0.027606543649280356,0.02758085129459052,0.027580851013468095,0.8069083243226078,0.027580851066353277,0.02758087688682484
0.020033732063520462,0.02003373126864138,0.02004854097359773,0.020033732164624653,0.020033731820687857,0.8597490519830207,0.020033731885883983,0.02003374784002331
0.06250000011851141,0.06250000011746008,0.5624572256603423,0.0625000001188531,0.06250000011792116,0.06254135004315643,0.06250000011852364,0.06250142370523201
0.03185001533956339,0.36247427217436673,0.031893781796490134,0.031850015515071856,0.03185001491999595,0.44638179149681706,0.03185001503291863,0.03185009372477624
0.03533714171764489,0.03533713615082878,0.6439336426257413,0.03533714242009763,0.035337140034761315,0.1440435032383156,0.03533714048500945,0.035337153327600984
0.0277083585238993,0.1006901232018799,0.02772090688329608,0.027708359139995746,0.027708357047373754,0.7330471568950699,0.027708357447915537,0.027708380860569825
0.05236741265029053,0.05236741240217438,0.6334185994487203,0.05236741268159972,0.05236741257535703,0.05237683842852589,0.052367412595339106,0.05236749921799307
0.04452022550896612,0.04452022533453451,0.04468028317776184,0.044520225522041816,0.044520225450431446,0.6881981417984794,0.04452022546452697,0.04452044774325785
0.02174112483491596,0.021741116276796934,0.6434581795966376,0.02174111756618474,0.02174111703901027,0.22609510840115793,0.021741117136712007,0.02174111914858443
0.041345409580442395,0.581546402110738,0.041486883943533205,0.04134540970571411,0.04134540928053529,0.17023851230127807,0.04134540936108132,0.04134656371667759
0.05176582794182496,0.051765825418066555,0.052073709023601256,0.051765828260021164,0.05176582717941037,0.6373310055579484,0.05176582738342973,0.05176614923569748
0.03581628879028903,0.035816288163189186,0.035922981380036155,0.03581628878956717,0.03581628855129808,0.7491792317843023,0.03581628859610084,0.035816343945217155
0.23478732058349638,0.024266328675603778,0.024282070557434768,0.024266329521828854,0.02426632919358148,0.6195989630457431,0.024266329257442168,0.024266329164869465
0.021075045113826612,0.021075042926298086,0.021083631170082353,0.02109080466354249,0.021075044454021117,0.8524503349294382,0.021075044629884576,0.0210750521129064
0.0300639768527123,0.030063976815954536,0.0301631182521226,0.03006397685530148,0.030063976840557845,0.7894529728818439,0.030063976843521217,0.0300640246579862
0.056830581277675485,0.05683058126890798,0.6021648000779415,0.05683058127881285,0.05683058127497997,0.05685148458582784,0.05683058127653134,0.05683080895932293
0.029077703455709623,0.02907770329574381,0.02909496289371723,0.029077703475310936,0.029077703406877924,0.7964388027464144,0.029077703419482525,0.029077717306743574
0.0326988719974792,0.03269887184634862,0.03277852376172831,0.03269887201647848,0.03269887195196968,0.7710282249384736,0.032698871973196306,0.03269889151432582
0.03639864795998478,0.03639864384111652,0.19318482676195659,0.03639864848839508,0.036398646714248466,0.5884232406622245,0.03639864704713063,0.03639869852494335
0.06250000011851141,0.06250000011746008,0.5624572256603423,0.0625000001188531,0.06250000011792116,0.06254135004315643,0.06250000011852364,0.06250142370523201
0.020248048142545366,0.020248044853312448,0.02025788532333263,0.02024804856321122,0.020248047374630977,0.8582538244355061,0.020248047404667412,0.02024805390279384
0.044137389467002436,0.044137389407970885,0.04417574815377039,0.044137389465382974,0.04413738944509863,0.690999675439945,0.04413738944956795,0.04413762917126186
0.01799144076089728,0.017991439035311065,0.018000569615765134,0.017991440978755623,0.017991440238954576,0.8740507888199137,0.017991440379195145,0.017991440171207615
0.049690318414408886,0.04969031820113474,0.049739728744028426,0.049690318441437564,0.04969031835264661,0.6521180330380246,0.049690318367110124,0.049690646441209
0.02771013889791323,0.3285250621612826,0.027745819265568142,0.027710139342915427,0.027710137832251153,0.5051783958012095,0.02771013811753988,0.02771016858132009
0.029063976748914692,0.029063974039046453,0.029094974540330908,0.029063977091729348,0.02906397592827605,0.6351625530202711,0.19042255983795986,0.029064008793471468
0.041023036849996995,0.041023036552445144,0.04107929853888476,0.04102303688873613,0.04102303676002343,0.7127823697873202,0.04102303678455464,0.041023147838038676
0.038011022044554664,0.038011021784158355,0.0380591740401582,0.03801102208070935,0.03801102195851914,0.733874601309848,0.038011021981167695,0.038011114800884586
0.04432757339723058,0.04432757310897357,0.04443303966459735,0.044327573443366394,0.044327573310052125,0.6896013312298991,0.04432757333344777,0.04432776251243321
0.022245482830184418,0.022245481865869197,0.404116159457169,0.022245482951783763,0.022245482538590947,0.4624109412834581,0.02224548261685117,0.022245486456093314
0.031360897077637874,0.031360895964870704,0.03141749968440885,0.03136089719382544,0.031360896726545406,0.7804170784465759,0.031360896818797876,0.03136093808733783
0.021944664470249398,0.021944662615421533,0.021961831383775793,0.02194466473141978,0.021944663921652237,0.8463701843347139,0.02194466405587027,0.02194466448689709
0.022704326185245826,0.022704324396111968,0.02272243884110186,0.02270432644713494,0.02270432566194916,0.8410516062262264,0.022704325784983513,0.022704326457246415
0.03982934054691641,0.039829339438581475,0.03995738949149141,0.039829340686767356,0.0398293402119599,0.72106645188059,0.039829340301446574,0.03982945744224684
0.02767239713547707,0.027672396147534188,0.02774417002258167,0.02767239725976898,0.02767239683603884,0.8062214225338323,0.027672396917168312,0.02767242314759859
0.04992980626816421,0.049929806196523104,0.05010982456648729,0.04992980627670141,0.04992980624903843,0.6503108313565078,0.04992980625154832,0.04993031283502945
0.022622140087674412,0.022622138317124032,0.022639673916253045,0.022622140345863035,0.022622139569351267,0.8416274877393063,0.02262213969168106,0.022622140332747
0.0348692707886107,0.03486927058466979,0.4403391343148886,0.03486927081424879,0.034869270726906966,0.3504452089573269,0.03486927074381162,0.034869303069536665
0.05625082274238538,0.05625082273819398,0.6062208558440118,0.05625082274281298,0.05625082274134351,0.056273958444559936,0.056250822741720816,0.056251072004971606
0.026064827011760088,0.02606482540524831,0.02607015112132051,0.02606482721450026,0.026064827622167754,0.8175408684584952,0.0260648266559086,0.026064846510599284
0.045518347627012685,0.04551834677066534,0.04586501254415243,0.04551834773477965,0.045518347368737964,0.4207926119214872,0.04551834743796407,0.30575063859520074
0.024420166778084215,0.02442016447807911,0.07160260492666855,0.024420167069298664,0.0244201660804379,0.7818763851911371,0.024420166266983602,0.024420179209310736
0.017846069136946238,0.01784605861505325,0.017846529314383963,0.017846070465298673,0.017846066035652006,0.8750770713381406,0.01784606680779197,0.01784606828673331
0.036606632106228325,0.036606631605006046,0.26461626413496114,0.03660663217519462,0.03660663195543768,0.5157438924085977,0.036606631993821775,0.03660668362075276
0.02727333406651419,0.02727332943077468,0.02727428788159106,0.027273334668490138,0.027273332670760073,0.809085706116761,0.027273333040619015,0.027273342124489924
0.049463123665455015,0.04946312349698359,0.04951340813155949,0.04946312368096754,0.04946312361086695,0.6537075202850999,0.04946312362419096,0.04946345350487657
0.03602911390289225,0.0360291137590137,0.036039619911395544,0.03602911391943997,0.03602911385825729,0.7477856110604267,0.0360291138702009,0.03602919971837355
0.06250000011851141,0.06250000011746008,0.5624572256603423,0.0625000001188531,0.06250000011792116,0.06254135004315643,0.06250000011852364,0.06250142370523201
0.28709964456565107,0.03270512685724266,0.03276515230827029,0.032705127672178244,0.03270512736166718,0.5166094858760952,0.032705127420021,0.03270520793887442
0.0470446642334355,0.04704466422853292,0.6706670777140186,0.04704466423447197,0.047044664231614915,0.04706475794409592,0.047044664232369304,0.047044843181460974
0.01521670685670937,0.015218758513408988,0.015227536604130076,0.01521670719684569,0.015216706044336793,0.8934701725894861,0.015216706259384137,0.015216705935698674
0.0489639792630406,0.048963979244479386,0.657200941240484,0.04896397926546236,0.04896397925766234,0.04901506778205776,0.048963979259184574,0.04896409468762892
0.011229637344930899,0.0112296113758984,0.011230085022058377,0.011229640866259721,0.011229884373564767,0.9213910516663799,0.011229631160031419,0.011230458190876418
0.00818174230150483,0.008179134041800146,0.008245683271382127,0.008179147734104955,0.008179142524255077,0.9426768645498932,0.008179143507386705,0.008179142069672886
0.04092144219314193,0.04092144212153717,0.7134754622557756,0.04092144220078177,0.0409214421741976,0.04099584414301788,0.04092144217540953,0.040921482736138465
0.050569156425805215,0.05056915552820954,0.05067803230447884,0.05056915653921036,0.38951984955861496,0.3069554377244473,0.05056915629983406,0.050570055619399694
0.05620964178078799,0.05620964177402431,0.6064979617327967,0.05620964178179202,0.0562096417787774,0.05624393673471144,0.05620964177930054,0.05620989263780964
0.050371580709853904,0.05037157923110554,0.05046796790824142,0.3780498589145624,0.050371580289790156,0.31962347219942583,0.05037158038249425,0.05037238036452653
0.01208274770008346,0.012082735112537569,0.012083002631941075,0.012082750079200306,0.012082742000238829,0.9154205373209288,0.012082743524239806,0.012082741630830108
0.023509259469127908,0.023509255847697873,0.14847761237405435,0.023509259926284776,0.023509258920080028,0.7104668260720621,0.02350925867912183,0.023509268711570983
0.05411722370684698,0.0541172237031483,0.6211287451424389,0.05411722370773333,0.054117223705526005,0.05416757896809755,0.054117223705979725,0.05411755736022915
0.04614390581338013,0.046143904490708654,0.04624567564530118,0.046143905980276574,0.04614390541371375,0.6768907045877043,0.0461439055204411,0.04614409254847431
0.03447124677316259,0.034471245764403295,0.546607390694945,0.034471246933467974,0.03447124646101556,0.24656511124393685,0.03447124654463696,0.03447126558443184
0.031016205685426873,0.031016205619981262,0.4850878684187522,0.031016205693739266,0.031016205667238596,0.32881487760055284,0.03101620567297716,0.03101622564133187
0.036089072975370444,0.03608907170095508,0.036096997044853335,0.036089073136190725,0.03608907259299954,0.7473685010004931,0.036089072693133536,0.036089138856004045
0.019264824831589696,0.019264823306559726,0.019267409365892788,0.019264825025888648,0.019264824377539663,0.8651436323527824,0.019264824493830702,0.01926483624591633
0.03616693035795111,0.03616693004598396,0.5019976448391891,0.03616693039651974,0.03616693026279394,0.2810007383139829,0.03616693028815329,0.03616696549542598
0.041627785771241384,0.041627785608752584,0.5460952636919945,0.04162778579015882,0.04162778571609711,0.20413797977579487,0.04162778574004749,0.04162782790591325
0.019683867778201525,0.01968386724151441,0.019690409373045684,0.019683867846264937,0.01968386761392564,0.8622063776692844,0.0196838676582009,0.01968387481956254
0.025892649667973725,0.02589264671689999,0.025910411342480347,0.02589265004176862,0.025892648770201886,0.6558382606252497,0.1887880651235334,0.025892667711892237
0.05908494876701674,0.05908494657192857,0.05915511028889246,0.05908494904408231,0.059084948103311885,0.5863346133571381,0.05908494828097297,0.05908553558665706
0.2087296767717556,0.02163830566498931,0.02165721472021017,0.021638307923475257,0.021638307076335805,0.6614215603782327,0.021638307226128934,0.021638320238872317
0.008555854684869862,0.008555845015859478,0.0085569257983719,0.008555852883987488,0.008555850675977564,0.9401079706924724,0.008555850626796951,0.008555849621664249
0.034840740898741146,0.03484074075591691,0.7560257966367947,0.0348407409172627,0.034840740855509124,0.03492973911747841,0.03484074086717022,0.03484075995112675
0.06250000011851141,0.06250000011746008,0.5624572256603423,0.0625000001188531,0.06250000011792116,0.06254135004315643,0.06250000011852364,0.06250142370523201
0.012999721023297885,0.012999715469939995,0.013002606418055663,0.012999721840270288,0.01299971934784203,0.9089990756264673,0.012999719791358682,0.01299972048276803
0.0439726631018899,0.04397266308610244,0.6921560064272092,0.04397266310396924,0.043972663098675924,0.04400795727594402,0.04397266309875089,0.043972720807458496
0.03386652020080704,0.03386652001500625,0.03394516958423148,0.033866520226128724,0.03386652013955378,0.7628555399910814,0.03386652015666921,0.033866689686522164
0.06250000011851141,0.06250000011746008,0.5624572256603423,0.0625000001188531,0.06250000011792116,0.06254135004315643,0.06250000011852364,0.06250142370523201
0.01753017706108618,0.017530172714300733,0.01753613858508752,0.017530177610349505,0.017530175756302748,0.8772828047392935,0.017530176097797123,0.017530177435782637
0.02147468947438558,0.02147468880449419,0.021498137323533426,0.021474689558305456,0.02147468927072668,0.8496537172921601,0.021474689341729778,0.02147469893466468
0.04733738601747638,0.04733738590729252,0.42348512811703487,0.0473373860438198,0.04733738595443039,0.2924904859532565,0.04733738598184915,0.04733745602484041
0.020462807451411772,0.020462802188013773,0.02046732029583567,0.02046280695784639,0.020462805145612675,0.6674038462120154,0.20981479867336503,0.020462813075899183
0.014667346319919212,0.014667341586939265,0.014677256249911813,0.014667346917092301,0.01466734488935514,0.8973186686402916,0.014667345274072407,0.014667350122418103
0.049952873158460316,0.04995287269245223,0.050019216438329114,0.04995287321735434,0.0499528730174154,0.650263216843095,0.04995287305523409,0.04995320157765963
0.03796772702317048,0.03796772694275876,0.03799809546035474,0.03796772703331516,0.03796772699891737,0.7341954855942017,0.037967727005358165,0.037967783941923634
0.01494249116275241,0.014942479138981795,0.014944744356926096,0.014942492681200154,0.014942503056963126,0.8954003130561311,0.014942488552573175,0.014942487994472049
0.03799905723091771,0.037999056700174415,0.03802582252807989,0.03799905729300663,0.037999057066313256,0.7339797505147697,0.03799905710910958,0.03799914155762872
0.03432940705461597,0.03432940696701345,0.03437046057842521,0.03432940706304757,0.034329407026102265,0.7596530668082567,0.03432940703296643,0.03432943746957247
0.027535920396474785,0.02753591828647416,0.027538937443631492,0.027535920684043282,0.02753591970705145,0.8072455211798606,0.027535919891420964,0.02753594241104316
0.020371648721426956,0.02037163943256418,0.05086990648597823,0.020371649896978337,0.020371645906815866,0.8269002122673831,0.020371646657984455,0.02037165063086887
0.31402793269413953,0.04522560881580752,0.04534093674895222,0.0452256100209646,0.04522560956370507,0.4145027292212688,0.04522560964881592,0.045225963286346364
0.026475335104099988,0.026475330549367536,0.02653451072569409,0.2511764434444168,0.026475333725992527,0.5899123638870165,0.02647533409394064,0.026475348469471954
0.03739851532629937,0.037398515057214615,0.7381987783531893,0.037398515360442044,0.037398515249612005,0.037410108051441765,0.037398515266685924,0.037398537335115035
0.028773895797456046,0.02877389567309132,0.02879158000813998,0.028773895803536554,0.028773895752163305,0.7985650234738653,0.02877389576797315,0.028773917723774366
0.024376017187515475,0.024376014250493273,0.47916401889495913,0.0243760175587797,0.024376056313588437,0.37457983378017945,0.02437601653590985,0.024376025478574637
0.017792711543536146,0.017792704967691777,0.017795076795056437,0.01779271190608685,0.01779270926873257,0.8754486667131386,0.01779270976392144,0.017792709041836212
0.01628758267067464,0.01628757352000024,0.016293658518430367,0.016287583826200675,0.016287579904605942,0.8859808595520783,0.016287580644358614,0.0162875813636513
0.019927954944523613,0.01992795172118518,0.1892624305603646,0.01992795535200678,0.019927953969115092,0.6911698453799038,0.019927954230698434,0.019927953842202535
0.016435204628970593,0.01643520175175817,0.016442198002831577,0.016435204899991396,0.016435203701694392,0.8849465794896346,0.01643520392888352,0.016435203596235737
0.013344252645183307,0.013344239053701497,0.013344917454633986,0.01334425353923514,0.013344248069987411,0.9065895907246485,0.013344249691542803,0.013344248821067332
0.01574928403715817,0.015749279097497952,0.01575105931124136,0.015749284661604076,0.01574928255186731,0.889753241897591,0.01574928294288611,0.015749285500154107
0.018249799344579556,0.018249793555976994,0.018270162166703643,0.01824980003050935,0.33145155760659645,0.5590292847947644,0.018249798021664248,0.0182498044792053
0.018418778344225204,0.01841877558717729,0.018421905716986892,0.01841877869120726,0.018418777510762357,0.871065429008122,0.018418777739961225,0.01841877740155774
0.015031241472072784,0.015031179404828584,0.015082713840546035,0.015031249340998028,0.015031222596734848,0.8947299438818446,0.015031227641804827,0.015031221821170223
0.02947343847305786,0.029473437884759,0.029535928299460928,0.02947343854718948,0.029473438322550075,0.7936234075668617,0.029473438341855573,0.02947347256426547
0.009736634194819764,0.00973661605824694,0.009738403602407405,0.009736636478770976,0.009736628758038723,0.9318393823421304,0.009739057916184438,0.009736640649401381
