P(topic 1),P(topic 2),P(topic 3)
0.7865912253476154,0.10670933412869778,0.10669944052368689
0.8981111283649075,0.050954586779138264,0.05093428485595432
0.8493999075861793,0.07488756517059576,0.0757125272432248
0.8156851778352511,0.09215817604119095,0.09215664612355803
0.3791383560390255,0.11283457291391281,0.5080270710470618
0.9034652080185964,0.04781946313414136,0.04871532884726218
0.8148444805375051,0.09258180766491994,0.09257371179757501
0.8737763036738674,0.06311738156169693,0.06310631476443576
0.1324564016081421,0.09617840416380188,0.771365194228056
0.16937462481817822,0.09373019540971485,0.736895179772107
0.6872129550170111,0.1563949620133642,0.1563920829696247
0.5362823424532503,0.34784043314556146,0.11587722440118824
0.7338521702601645,0.13307426109133944,0.13307356864849604
0.84982449914459,0.0750846087160712,0.07509089213933888
0.9342607037194826,0.03281258431066764,0.03292671196984977
0.4863976196007492,0.08421116333138713,0.42939121706786376
0.761650763354112,0.11917483100508701,0.11917440564080108
0.2514002490846508,0.09097319480865626,0.657626556106693
0.1756526390649981,0.0899187343456848,0.7344286265893171
0.8364176774974891,0.08183807055326782,0.08174425194924305
0.8518840354536251,0.07406744139737277,0.07404852314900194
0.8463027664861507,0.07685057922352012,0.07684665429032918
0.8772347216170684,0.061390962407952374,0.06137431597497923
0.9484660844780589,0.02575424566902534,0.025779669852915715
0.8648155634273805,0.06759286153499987,0.0675915750376196
0.8174104151741883,0.09129690055222486,0.09129268427358683
0.8169092644479106,0.09154653713145981,0.09154419842062964
0.9004303239080512,0.049785454171138735,0.049784221920810084
0.8952260720688551,0.0523771840222047,0.05239674390894019
0.8747433130190495,0.06263402155409219,0.0626226654268582
0.8540099623609562,0.07300065924188297,0.07298937839716081
0.8449485853598512,0.07753037018641719,0.07752104445373151
0.6974910808522461,0.1512549752793324,0.1512539438684216
0.9109085748220218,0.04442329990687926,0.04466812527109892
0.6999547381265613,0.15002389580161707,0.15002136607182154
0.7053079115959695,0.14734556867041218,0.14734651973361826
0.9194621149842808,0.04030040320690274,0.04023748180881646
0.8938025843060845,0.05311406131304587,0.05308335438086959
0.8637734448905601,0.0681249882016329,0.06810156690780693
0.7967951732476258,0.10159715450038084,0.10160767225199334
0.8117364026481085,0.09413168635981686,0.09413191099207457
0.9197136975717465,0.04060113002447282,0.039685172403780694
0.34607008546553214,0.5583160362491998,0.09561387828526813
0.8145264268064694,0.09274318137478953,0.09273039181874113
0.9421014331735708,0.02898537823488764,0.028913188591541714
0.7627979488145404,0.11860030119318682,0.11860174999227274
0.797906690372718,0.10105573985065566,0.10103756977662635
0.8078052133747177,0.09609766907433777,0.09609711755094451
0.7955011623338633,0.10225009765328484,0.10224874001285184
0.7699952767424142,0.11501469930576591,0.11499002395181988
0.781041984095451,0.10948500891378508,0.10947300699076391
0.6999547381265613,0.15002389580161707,0.15002136607182154
0.6937511304916244,0.1531199443646668,0.15312892514370882
0.6999547381265613,0.15002389580161707,0.15002136607182154
0.8691057672076006,0.06544859879324451,0.06544563399915496
0.837454353697322,0.08127766080361017,0.08126798549906786
0.9556713443317932,0.02215792304468491,0.022170732623521806
0.8210097541507713,0.09270305536127019,0.08628719048795849
0.7423359564303161,0.1288316584269029,0.12883238514278098
0.6968233358429198,0.1515868777765627,0.15158978638051754
0.8082578973902056,0.09587693127396113,0.09586517133583342
0.711725256295863,0.19102071836725704,0.09725402533687996
0.8158714878089979,0.09207347599204681,0.09205503619895529
0.8691151932587131,0.06544519318441076,0.06543961355687615
0.8460230648530938,0.0769853401292436,0.07699159501766259
0.2197086489402275,0.15714343170046077,0.6231479193593117
0.8947104865485126,0.052645137326040675,0.0526443761254466
0.47212711695681603,0.06757541708456004,0.460297465958624
0.9472983262827341,0.026349427977268136,0.026352245739997695
0.9242381741358847,0.03732313778414403,0.03843868807997129
0.6953372851674973,0.15233075394416506,0.15233196088833764
0.7638245488107755,0.1180886638216643,0.11808678736756022
0.9403850144961065,0.02981124447133964,0.029803741032553815
0.8635953309600448,0.06820456760740636,0.0682001014325487
0.8613570838562326,0.06931307793934646,0.069329838204421
0.7970275694919344,0.10148704071777766,0.10148538979028789
0.7053079115959695,0.14734556867041218,0.14734651973361826
0.8611648665114582,0.06941801813185125,0.06941711535669047
0.9043231681866489,0.04784297069220777,0.047833861121143254
0.3259999782531923,0.5320725021515181,0.14192751959528965
0.7221195866465101,0.13941258187017797,0.13846783148331185
0.6960980707338851,0.1519529745028196,0.15194895476329534
0.7373545965938239,0.13132340620300895,0.13132199720316728
0.8078475576323159,0.09607341557182904,0.09607902679585502
0.8232578368538744,0.08837424535527375,0.08836791779085179
0.9293057242876981,0.03538828253899608,0.03530599317330583
0.7477431662733185,0.12612884145367656,0.12612799227300492
0.700176175237628,0.1499105951080019,0.14991322965437023
0.6950765001218733,0.1524624733689754,0.1524610265091513
0.8700114742568846,0.0649979605887607,0.06499056515435461
0.7396178402691332,0.13019088108471455,0.1301912786461523
0.43038302407818274,0.43757231643347355,0.1320446594883439
0.8536181900880665,0.07319224140318184,0.0731895685087517
0.851740067248965,0.07413196335652603,0.07412796939450897
0.9039835370433273,0.04800930211330167,0.04800716084337107
0.8950916396916347,0.05242303330680674,0.05248532700155861
0.9356242936940363,0.03219106604224345,0.032184640263720234
0.8483268697138426,0.07584328052303145,0.07582984976312591
0.8464206951780887,0.0767889989134044,0.07679030590850693
0.9183468703546549,0.040830387271132355,0.04082274237421275
0.8132576081496985,0.09337099503361705,0.09337139681668442
0.9040089019448184,0.04800605513708142,0.04798504291810005
0.892952024683059,0.05352516617982746,0.05352280913711357
0.8269701299740039,0.08651588781996625,0.08651398220602978
0.8585630348062366,0.07072111000735729,0.07071585518640597
0.752969090932129,0.1235594558742786,0.12347145319359226
0.8725902833999761,0.06370686061117825,0.06370285598884559
0.7775949099708167,0.11120646681286692,0.1111986232163163
0.8328933409624173,0.08355955163036465,0.08354710740721805
0.7886755742748095,0.10566956567816049,0.10565486004702998
0.926972219923223,0.036623308228754765,0.03640447184802237
0.25894346884533126,0.08092546106022773,0.660131070094441
0.9020639377680107,0.04898431856190111,0.0489517436700882
0.8528506746425271,0.07359890912767052,0.0735504162298025
0.46643922711709823,0.07275830792981548,0.4608024649530862
0.8312089882467733,0.0843981208969821,0.08439289085624474
0.8050741122218391,0.12116802770650723,0.07375786007165357
0.8332423146293689,0.08336845039597097,0.08338923497466011
0.8987553655131574,0.05056667789041117,0.05067795659643142
0.9213581673346537,0.039324233009189455,0.03931759965615674
0.7622230714024825,0.11888305009803009,0.11889387849948749
0.8866131333911825,0.0566958917757973,0.05669097483302018
0.8150158859907132,0.09250028071447554,0.09248383329481122
0.8904827441378079,0.054752859908089244,0.05476439595410278
0.8534116340543878,0.07329432897741352,0.0732940369681987
0.8730901138344869,0.06347376907486567,0.06343611709064738
0.8664456020749269,0.06678113033036498,0.06677326759470797
0.8524407206819431,0.07378727508446309,0.0737720042335937
0.9275747371406942,0.03621562072009865,0.036209642139207104
0.9145518743673232,0.04269957719747416,0.042748548435202566
0.9162752115060845,0.04192518372791282,0.04179960476600281
0.902705299399635,0.04867357255656879,0.04862112804379628
0.8871793287596496,0.055486120716896216,0.05733455052345436
0.867195339094183,0.06639070715808179,0.06641395374773526
0.8947103139133887,0.05264033838754715,0.052649347699064174
0.8647076742962789,0.06765063786713864,0.0676416878365824
0.8142506835581086,0.09287600118323512,0.09287331525865626
0.6049044336588002,0.3143297893634387,0.08076577697776101
0.8369151084040969,0.0815443118547536,0.08154057974114963
0.8580630404541576,0.07095373656400555,0.0709832229818368
0.8946578441825325,0.052683420590596365,0.05265873522687102
0.7316641484527427,0.13416829909940356,0.1341675524478536
0.8408905635778182,0.07956387909662851,0.07954555732555321
0.8150659979066684,0.09247412353172413,0.09245987856160741
0.8595769633832286,0.07021592968888013,0.0702071069278912
0.40616171050776656,0.12799173027134014,0.4658465592208933
0.7620552182526907,0.11897704563002419,0.11896773611728513
0.887588339739771,0.05626773910087628,0.05614392115935274
0.2582817101590846,0.10012388102958777,0.6415944088113277
0.3504189607130986,0.5100779853983746,0.13950305388852688
0.8146582064911576,0.09267245210230232,0.09266934140653992
0.8812953772652248,0.05905283327847586,0.059651789456299426
0.8859220306514939,0.057042922329722606,0.05703504701878352
0.8526733439751049,0.07366595319344961,0.07366070283144548
0.6968233358429198,0.1515868777765627,0.15158978638051754
0.8556550316439333,0.07217297891406753,0.07217198944199923
0.8304807577021982,0.08475650111856695,0.0847627411792349
0.7999627824643474,0.10002705400547757,0.10001016353017504
0.6666567260295031,0.16667114276923312,0.1666721312012637
0.8947008373725165,0.05265341976565977,0.052645742861823754
0.8088951356498411,0.09555265519301086,0.09555220915714814
0.9036793412499499,0.04816336583292074,0.04815729291712938
0.7343254897615509,0.13283823955392085,0.13283627068452825
0.44582384801298647,0.07453856574488663,0.47963758624212693
0.8486746622235334,0.07566765200640031,0.07565768577006639
0.780312727677055,0.10984461634307112,0.10984265597987396
0.8156385204288086,0.0921723305144218,0.09218914905676963
0.7814590812910652,0.10927234343693472,0.1092685752720001
0.8835229497704651,0.05824233178441787,0.05823471844511703
0.8304508973974641,0.08477010472165686,0.08477899788087902
0.4417599165527752,0.056864376164855276,0.5013757072823697
0.42462060771528204,0.05920272945256405,0.5161766628321538
0.8234535910841105,0.08827527620638109,0.08827113270950844
0.8566298881424627,0.07431027304938885,0.06905983880814856
0.7615770040596633,0.11921153183756898,0.11921146410276778
0.426839629937455,0.05891901456524347,0.5142413554973014
0.8363554759227462,0.0818228552312932,0.08182166884596052
0.350418960461773,0.5100779857697484,0.13950305376847857
0.8577681609355104,0.07109257551085253,0.07113926355363699
0.771723193763494,0.11414632608796285,0.11413048014854317
0.8681595930811414,0.06592408401155758,0.06591632290730108
0.900100945957716,0.049954345852234176,0.04994470819004979
0.8128966580603998,0.09355274023193257,0.09355060170766762
0.8555363461305966,0.07226708501258734,0.07219656885681615
0.7613323040062682,0.11933505270135128,0.11933264329238044
0.8523000848044756,0.0738556998024029,0.07384421539312142
0.6666567260295031,0.16667114276923312,0.1666721312012637
0.8387926497280733,0.08060668098705089,0.08060066928487572
0.7490397836493311,0.12548145090403356,0.1254787654466355
0.9200820873385563,0.03994115644697663,0.03997675621446702
0.7846012121048465,0.10769930086650266,0.10769948702865105
0.9332069080811429,0.033568854468404345,0.033224237450452686
0.9547124325026888,0.022675734571502508,0.022611832925808765
0.8066723125706229,0.09666440714880924,0.09666328028056789
0.3941307319647652,0.1366119755423147,0.46925729249292014
0.700176175237628,0.1499105951080019,0.14991322965437023
0.3893559687414185,0.47392404036920344,0.13671999088937795
0.9256075220390004,0.036344069881761414,0.03804840807923815
0.8733547213936482,0.06331580919825927,0.06332946940809252
0.7113451736311178,0.14432709846552486,0.14432772790335732
0.7501796603635121,0.12490498525245187,0.12491535438403585
0.8206588116701721,0.089674199484306,0.08966698884552192
0.8503890821543374,0.07480559266723809,0.07480532517842452
0.8114550507581356,0.09427526024759468,0.09426968899426963
0.8681030606934677,0.05438308900209724,0.07751385030443521
0.8068066683563694,0.09659814597068292,0.09659518567294763
0.7777676399662997,0.1111189315774183,0.11111342845628198
0.8974819127713026,0.051260400860450306,0.05125768636824711
0.8637746043675031,0.07013877888257523,0.06608661674992164
0.21739523594504243,0.624011618514794,0.15859314554016368
0.8802459411180128,0.061002529396318166,0.058751529485669
0.9543783806817969,0.02264614870590412,0.02297547061229901
0.8362448309819991,0.08187773343981469,0.08187743557818616
0.6790510093717581,0.16048166429797991,0.1604673263302619
0.9310256261629191,0.03449860100716979,0.034475772829911155
0.7944208416008015,0.10278989005122954,0.10278926834796888
0.8328989510528134,0.08355290536746311,0.08354814357972351
0.22230651306380808,0.16062811094059665,0.6170653759955953
0.9069590095415907,0.04654684983767089,0.04649414062073842
0.885656839824754,0.057175985158032454,0.057167175017213516
0.7626196531107164,0.11868988696539451,0.11869045992388907
0.8937461945510453,0.05316949593853779,0.05308430951041694
0.923028256780369,0.038405456521611155,0.038566286698019786
0.7322256613737658,0.13388915725370942,0.13388518137252484
0.14631102194314666,0.09581109895560457,0.7578778791012488
0.9136445252952753,0.04313950173312763,0.043215972971597086
0.7957408722061713,0.10213185446173681,0.10212727333209186
0.1992947337317416,0.08817554128597499,0.7125297249822834
0.852119320892089,0.07396276860295281,0.07391791050495813
0.8914391643839538,0.054294214285724986,0.054266621330321375
0.774367497538097,0.11282133851378624,0.11281116394811669
0.8597266489253775,0.07010538504637968,0.07016796602824286
0.8079213896194574,0.0960400097562022,0.09603860062434054
0.3329871565952223,0.07457417094824881,0.5924386724565289
0.8479239062275602,0.08520740747400449,0.06686868629843522
0.901913250591076,0.04903281867060855,0.04905393073831555
0.9087796143691209,0.04562168669094601,0.04559869893993311
0.8976266043465092,0.05119190985414419,0.051181485799346636
0.9123924255543787,0.04380753005130868,0.043800044394312614
0.9231264531018154,0.03844932642296764,0.03842422047521708
0.9121530235707477,0.043937927109948406,0.043909049319303985
0.40297776569158217,0.5470323421053707,0.04998989220304714
0.9033805903978398,0.04830352168261717,0.04831588791954305
0.9138229353882711,0.04314780469462,0.043029259917108875
0.8412669968980238,0.07937083885823905,0.07936216424373721
0.9456442173166582,0.02718511351435003,0.027170669168991784
0.9313924543730723,0.03437175989984385,0.0342357857270838
0.814946009749891,0.09252774322892615,0.09252624702118296
0.9304620398160421,0.034839772963383614,0.034698187220574196
0.9298550477704995,0.03506722270215251,0.03507772952734786
0.7042806327377669,0.1478591901258694,0.14786017713636376
0.8156916594203244,0.09215528596719945,0.09215305461247611
0.681590272579472,0.1592097317476424,0.15919999567288545
0.8716782114870776,0.06414889784682236,0.06417289066610006
0.8540123079671499,0.07297192489173498,0.07301576714111521
0.767326882489864,0.11634147134493336,0.11633164616520254
0.738220487969117,0.13089049265455252,0.1308890193763305
0.7677249277308702,0.11614251563787234,0.11613255663125749
0.7287865514218221,0.1356103269896162,0.13560312158856164
0.5720166491932065,0.3607071947175375,0.06727615608925602
0.9020738843319921,0.0489650716718984,0.04896104399610943
0.9074252479904678,0.04629663915220267,0.04627811285732952
0.9049360728594582,0.04747735507850431,0.047586572062037605
0.8591122206157904,0.07044615944270677,0.07044161994150283
0.7346313831318134,0.13268463114176438,0.13268398572642226
0.8375302445083866,0.08121116523619831,0.08125859025541504
0.9153790046836612,0.04233013499153624,0.04229086032480254
0.6968233358429198,0.1515868777765627,0.15158978638051754
0.6999547381265613,0.15002389580161707,0.15002136607182154
0.22865510896257654,0.1588092639750748,0.6125356270623488
0.8324435411341281,0.08183617409882864,0.08572028476704323
0.8213638562010681,0.08801412944438321,0.09062201435454863
0.8293793946598266,0.08532038387040727,0.08530022146976618
0.8145693953741959,0.09271604347249417,0.09271456115330981
0.6999547381265613,0.15002389580161707,0.15002136607182154
0.2165218218746114,0.15916055387326652,0.6243176242521221
0.7588949189721153,0.12055391866724699,0.12055116236063784
0.6968233358429198,0.1515868777765627,0.15158978638051754
0.46192842255293587,0.4330543214761416,0.10501725597092254
0.8516816319502816,0.07415861158565201,0.0741597564640664
0.9475145405195479,0.02624748340723002,0.02623797607322215
0.8078742829632211,0.09606860738759745,0.09605710964918145
0.8897564649410867,0.05512284032931593,0.05512069472959736
0.8139606346953704,0.09302314453305406,0.09301622077157558
0.8081580181371354,0.095920554423964,0.09592142743890063
0.7432802607945922,0.12835983305054172,0.12835990615486598
0.42534992764720186,0.06027287687441757,0.5143771954783807
0.7366458721888589,0.13167756819593282,0.13167655961520833
0.42299524975086844,0.05931445694413361,0.5176902933049979
0.7053079115959695,0.14734556867041218,0.14734651973361826
0.8997338285148082,0.050133621158175115,0.05013255032701664
0.760464877724478,0.11976872069773968,0.11976640157778229
0.804104029657471,0.09795103990612651,0.0979449304364024
0.8074099708378565,0.0962953333713937,0.09629469579074985
0.9279592655870432,0.036090480936326774,0.03595025347662993
0.3037585891389474,0.12193346853918365,0.574307942321869
0.7859534364168964,0.10702564637488181,0.10702091720822186
0.8080347459272099,0.09596458775164,0.09600066632114997
0.8586603764145702,0.07125896010657227,0.07008066347885752
0.8230006765497399,0.08850258086238923,0.08849674258787098
0.7635273362468352,0.11823659730518574,0.11823606644797899
0.8230021872547345,0.08850371279456426,0.08849409995070112
0.8209303030779059,0.08929718945148858,0.08977250747060549
0.8778841988247756,0.06106496301630644,0.06105083815891806
0.8751871491282411,0.06241641841005734,0.06239643246170148
0.9179091104296965,0.04100529754559992,0.0410855920247036
0.7053079115959695,0.14734556867041218,0.14734651973361826
0.9294598022367977,0.035280323498759515,0.03525987426444279
0.8761405630552952,0.06125685435285272,0.0626025825918521
0.8878863476384202,0.05605650678356458,0.05605714557801526
0.7998899125331458,0.10005898167197494,0.10005110579487929
0.7903431469560129,0.10482593856797091,0.10483091447601615
0.9185164105129535,0.04075089574548819,0.04073269374155822
0.18240568451904207,0.13496270539078775,0.6826316100901701
0.9343972344408702,0.03280983498318381,0.032792930575946004
0.848099793280602,0.07595627349128403,0.07594393322811388
0.7592489826746928,0.1203762496431102,0.12037476768219713
0.8032054787028658,0.0983981951651436,0.09839632613199051
0.9013094804344282,0.04934871034744446,0.04934180921812742
0.9105501055945607,0.04473281231257277,0.04471708209286656
0.6666567260295031,0.16667114276923312,0.1666721312012637
0.731075363653667,0.13446519187291103,0.13445944447342204
0.8009848789189198,0.09950898023277671,0.09950614084830342
0.21345511312655643,0.62695972182322,0.15958516505022358
0.8832375937950914,0.058391282389032476,0.05837112381587615
0.8428808875764352,0.07855113936148442,0.07856797306208041
0.695504350890349,0.1522476175720426,0.15224803153760852
0.9279082575885428,0.036089793796260795,0.03600194861519632
0.873182446030599,0.06341924861088118,0.06339830535851976
0.8157372106750953,0.09213489748785304,0.0921278918370517
0.8135893222212865,0.09320626697272098,0.09320441080599243
0.8484456372349772,0.07578285477176626,0.07577150799325655
0.8171886795311808,0.09141438051791921,0.09139693995090008
0.7901198216259949,0.10494148424485017,0.10493869412915477
0.1451084503426729,0.0961360932607211,0.758755456396606
0.8471244441154122,0.07644118960413124,0.07643436628045655
0.6812416938031525,0.15938479079343526,0.15937351540341224
0.8777285479090944,0.061152879992555316,0.0611185720983502
0.9240318915059101,0.03757817043253871,0.038389938061551096
0.8545088831689768,0.07275260095004177,0.07273851588098153
0.8693317085419664,0.06535109727959405,0.0653171941784396
0.8957481277124382,0.05212117531745206,0.05213069697010987
0.9393835154242121,0.02923173992754856,0.0313847446482393
0.9094792344802952,0.04618632965716191,0.04433443586254291
0.8192169897355057,0.09038029352392812,0.09040271674056613
0.9398644434341752,0.03008849892873358,0.03004705763709126
0.9492067340446483,0.025390217732628433,0.02540304822272325
0.9063373145055768,0.04460740411505094,0.049055281379372206
0.9001347981225634,0.04993553529469026,0.04992966658274637
0.8993427238862235,0.05034814620240234,0.050309129911374074
0.94063646378739,0.029688732914147524,0.029674803298462525
0.8097179813163987,0.0705712616542508,0.11971075702935044
0.9404068310649663,0.02978627466317714,0.029806894271856548
0.7677835641508296,0.11612036596349841,0.11609606988567191
0.8426683906280508,0.07859507107202368,0.07873653829992552
0.8565568147172373,0.07172574568290421,0.07171743959985838
0.3370550953378257,0.542769507760332,0.12017539690184234
0.7831555377600351,0.10842332309573646,0.10842113914422849
0.7674397065318238,0.1162807246983425,0.11627956876983368
0.9222083743473832,0.03890198047394085,0.03888964517867585
0.8606059831325911,0.06969202635995381,0.0697019905074551
0.9367077058491796,0.03165374202865151,0.03163855212216887
0.7885728256442469,0.10586449963961997,0.1055626747161332
0.904166354751329,0.04796923723780392,0.04786440801086714
0.9111062240856448,0.044696783905862514,0.04419699200849274
0.9114368762944677,0.044284997997250435,0.04427812570828188
0.6933704447295358,0.15331489119337316,0.15331466407709113
0.9110578399743898,0.044430245016609374,0.04451191500900077
0.862273839723521,0.06887331690683993,0.06885284336963915
0.21698175750036183,0.15920208063743133,0.6238161618622069
0.9123680938033423,0.043819009682592336,0.04381289651406538
0.7053079115959695,0.14734556867041218,0.14734651973361826
0.7814073059689448,0.10929656612084929,0.1092961279102058
0.7053079115959695,0.14734556867041218,0.14734651973361826
0.7596205871740879,0.12019143420106188,0.12018797862485023
0.3653971943403386,0.13830086633715005,0.49630193932251115
0.7812001209335336,0.1093971817012625,0.10940269736520396
0.7317535950131583,0.13411922539150775,0.134127179595334
0.8694133868208658,0.06529577242632745,0.06529084075280671
0.21344360552833075,0.1595993751950449,0.6269570192766243
0.7505967975942919,0.12470820275856541,0.12469499964714266
0.7687602305630828,0.11561968119053032,0.11562008824638685
0.7640344447591473,0.11798449643281686,0.11798105880803592
0.9144868725358263,0.04276694175898631,0.04274618570518744
0.7787086513872867,0.11065717877083675,0.11063416984187648
0.6940890567575483,0.1529688543999186,0.15294208884253316
0.9224441186605461,0.0387859190158758,0.0387699623235781
0.7307858658067488,0.12176925600428352,0.14744487818896784
0.8990468147622482,0.05048001137286892,0.05047317386488293
0.6935266180478793,0.1532368496531368,0.15323653229898396
0.38191813274062747,0.09687119262011097,0.5212106746392615
0.9040050513679485,0.04801293058578668,0.04798201804626491
0.7934781631230902,0.1032638026744166,0.10325803420249328
0.9412235212772223,0.02937780246948783,0.029398676253289777
0.8559918645800599,0.0720047973744517,0.07200333804548845
0.8721482689330672,0.06392795797126205,0.06392377309567081
0.8221641348264128,0.0889222814384017,0.08891358373518563
0.8940550805695698,0.0529746741114287,0.052970245319001415
0.7636934859168739,0.1181543680001026,0.1181521460830234
0.7950014353619055,0.10249923728931097,0.10249932734878349
0.7802210156823942,0.10989254519902761,0.10988643911857814
0.7830709091156375,0.10846391602804693,0.10846517485631547
0.8334922408583492,0.08325765584660585,0.0832501032950449
0.8140729676639372,0.09296826611486694,0.09295876622119588
0.7380692837060066,0.13096441251231197,0.13096630378168145
0.6666567260295031,0.16667114276923312,0.1666721312012637
0.7419705008942208,0.12901465777453183,0.12901484133124747
0.7582543706130443,0.12088802774977217,0.1208576016371834
0.8884960329046911,0.055758779215944784,0.055745187879364125
0.9414233770426981,0.029287789657650026,0.029288833299651915
0.7275633206442836,0.13621911921129462,0.13621756014442168
0.9398183344622778,0.030094903833596216,0.030086761704126087
0.86156085462379,0.06921482618892053,0.06922431918728948
0.8529541758321372,0.07353311968950803,0.07351270447835485
0.8430810083914786,0.07846293658263098,0.0784560550258905
0.8654469076002932,0.06728220318220043,0.06727088921750646
0.6999547381265613,0.15002389580161707,0.15002136607182154
0.8145536774845964,0.09272571911511304,0.09272060340029056
0.9228005802402227,0.03859552643315744,0.038603893326619794
0.8188193399082837,0.09059594634429384,0.09058471374742251
0.8242018662047913,0.08790024867324912,0.08789788512195951
0.947120840969852,0.026484123927196103,0.026395035102951783
0.6960980707338851,0.1519529745028196,0.15194895476329534
0.6968233358429198,0.1515868777765627,0.15158978638051754
0.24014849193650342,0.6056254393763053,0.15422606868719127
0.9208693093619285,0.039566628919613225,0.03956406171845838
0.7808916086323425,0.10955410904642637,0.10955428232123124
0.7334741908111285,0.13326502458564576,0.1332607846032257
0.7824243232700963,0.10878674951514189,0.10878892721476177
0.8351288027953155,0.08243875594627705,0.08243244125840736
0.9253207567319253,0.0373432485083768,0.037335994759697885
0.9251542922409862,0.03742684183828284,0.037418865920730904
0.7305557084331992,0.13472651492281376,0.13471777664398693
0.7636799453492555,0.11816007356669686,0.11815998108404767
0.7004937698384178,0.14975342853561346,0.1497528016259688
0.7959024247265324,0.10204944295042404,0.10204813232304358
0.7898007097820571,0.10510312572571039,0.10509616449223258
0.7364023106580224,0.13179867549662416,0.13179901384535353
0.7550804705977829,0.12246611978953716,0.1224534096126799
0.8348682990397919,0.08241211640411185,0.08271958455609628
0.9317551003784932,0.03453506443524831,0.03370983518625848
0.9342607037194826,0.03281258431066764,0.03292671196984977
0.5988497800397742,0.3322263107536017,0.06892390920662428
0.830353390824096,0.08481646388733509,0.08483014528856897
0.9131854166696572,0.04341239634954043,0.04340218698080227
0.46227032557159864,0.08035112779060875,0.4573785466377926
0.6941019165227632,0.15294912418726875,0.15294895928996813
0.8009249083770551,0.09953755861599692,0.09953753300694797
0.9320940531201176,0.033979206338599195,0.0339267405412832
0.9523774330077251,0.02381114508075517,0.02381142191151975
0.9082088387666991,0.04590606341899298,0.04588509781430789
0.9437619470671734,0.02806207279579584,0.028175980137030723
0.9145551561796851,0.04272730578176299,0.04271753803855203
0.8503944407096742,0.0744312831004817,0.07517427618984407
0.8870259487783749,0.05649269748612791,0.05648135373549721
0.8924837850714411,0.05376173190953338,0.053754483019025454
0.8982719326614509,0.05086741129534525,0.05086065604320388
0.822017942755816,0.08899637398457125,0.08898568325961281
0.8921498380968161,0.05393506263573194,0.053915099267451874
0.9029079666270652,0.048550885524776606,0.048541147848158196
0.6960980707338851,0.1519529745028196,0.15194895476329534
0.8289589391527047,0.08552791141793115,0.08551314942936418
0.9107467221726787,0.0446323025575188,0.044620975269802444
0.6900066816427537,0.1550200299251974,0.154973288432049
0.7623718367313221,0.11881456701278716,0.11881359625589065
0.8297101115628698,0.08515914722023236,0.08513074121689779
0.7432212289670835,0.12838933089764673,0.12838944013526984
0.8328584997119683,0.08357203541773621,0.08356946487029544
0.8123427482845916,0.09383929881090117,0.09381795290450724
0.8689497906761992,0.06536338247007074,0.06568682685373022
0.826117017426126,0.08694320053230045,0.08693978204157368
0.7416992323264233,0.1291503276669925,0.12915044000658432
0.8739993716862794,0.0630009944870439,0.06299963382667682
0.7419705008942208,0.12901465777453183,0.12901484133124747
0.7641579396381574,0.11792109532400778,0.11792096503783474
0.8500640952584353,0.07497278507213505,0.07496311966942973
0.4568794278296573,0.4488671265215067,0.09425344564883595
0.8488103272195228,0.07559334341968782,0.0755963293607894
0.8621353061387869,0.06893396852555261,0.06893072533566054
0.8007075812164907,0.09964936722194728,0.09964305156156206
0.8715205679720441,0.06424210126717972,0.0642373307607761
0.8900098728665983,0.053745266015689394,0.05624486111771234
0.9182844625132426,0.040858741024841244,0.0408567964619162
0.7541759628442152,0.12291539833063028,0.12290863882515446
0.87373381717593,0.06313857198258359,0.06312761084148628
0.861688065725998,0.06877302986746404,0.06953890440653801
0.8725108148920818,0.06374712152358708,0.06374206358433106
0.845734039676634,0.07713745701957689,0.07712850330378933
0.8569989709402794,0.07153413014048032,0.0714668989192401
0.805457424174345,0.09727224973178036,0.09727032609387473
0.7336629125217208,0.1331694496449142,0.13316763783336505
0.7829790520483155,0.10851076962341949,0.10851017832826508
0.6809761995081774,0.15951765647470081,0.15950614401712176
0.7979188791808343,0.10105417688718388,0.10102694393198178
0.9079299339708837,0.0460403151879138,0.04602975084120245
0.7325675181021051,0.1337158783324718,0.13371660356542314
0.8751986900283082,0.06240145297392735,0.062399856997764395
0.7621433605524878,0.11892657761804809,0.11893006182946408
0.7790677897668212,0.11046529229676165,0.11046691793641718
0.8461776889135534,0.07686715497944442,0.0769551561070022
0.7679430811372272,0.11602829711159597,0.11602862175117672
0.5078489049684661,0.12204312859746953,0.3701079664340643
0.8183946467502449,0.09081202330594897,0.09079332994380623
0.897528349823799,0.051239444216806804,0.051232205959394095
0.8970744716739759,0.0514756099667353,0.051449918359288714
0.7474121873389016,0.12632809598620914,0.12625971667488925
0.768197233562241,0.11590124720225786,0.11590151923550104
0.7345774170070434,0.1327107947095508,0.132711788283406
0.8322807701470815,0.08386097404332515,0.08385825580959333
0.6974910808522461,0.1512549752793324,0.1512539438684216
0.8758538432835559,0.062076728754249286,0.06206942796219496
0.6666567260295031,0.16667114276923312,0.1666721312012637
0.7376166018506133,0.13119162428480757,0.13119177386457906
0.7056912934647033,0.14715388046252098,0.1471548260727758
0.9207899521084002,0.03887757024046943,0.04033247765113036
0.9389942769988767,0.030483818806225034,0.03052190419489812
0.6873466983796427,0.15630709860948974,0.1563462030108675
0.7278712979808253,0.13607147447130252,0.1360572275478722
0.7293258209014756,0.13533471952350926,0.13533945957501517
0.8123574830901865,0.09382734645743585,0.09381517045237753
0.8949023628190809,0.052555131723536215,0.05254250545738299
0.8293409337960018,0.0853206469088226,0.08533841929517563
0.7402082750069274,0.12990268423902665,0.12988904075404592
0.23374653353419367,0.08818477874848572,0.6780686877173207
0.90632269268045,0.046788423991915705,0.046888883327634294
0.770725215487971,0.11464016750969429,0.11463461700233482
0.6968233358429198,0.1515868777765627,0.15158978638051754
0.9057465217750443,0.047148299985332674,0.04710517823962302
0.7030059810375813,0.14849706061533863,0.14849695834708004
0.28172161278548824,0.07243864588843839,0.6458397413260734
0.25065314864001165,0.07910353026272751,0.6702433210972609
0.21715104675416536,0.08672966703678746,0.6961192862090472
0.22348050752634332,0.617727922174658,0.15879157029899868
0.8318752930619006,0.08406643268216032,0.08405827425593912
0.7522932896610454,0.12385681588411207,0.1238498944548425
0.9005584432626264,0.049725697682470614,0.049715859054903076
0.7977382682355727,0.10113041674993241,0.10113131501449481
0.6666567260295031,0.16667114276923312,0.1666721312012637
0.6968233358429198,0.1515868777765627,0.15158978638051754
0.7839599411588627,0.10802643349616697,0.10801362534497039
0.901259489532956,0.0493736387764422,0.04936687169060182
0.951174491239027,0.024412439940860613,0.024413068820112297
0.881516945440032,0.0592545206887603,0.0592285338712076
0.7780380518966279,0.11098107930196142,0.11098086880141075
0.8731350081190885,0.06341844946117914,0.06344654241973241
0.7791216210943831,0.11043976505663274,0.11043861384898417
0.7550895141605312,0.12245556838990601,0.12245491744956283
0.8889001121480237,0.05561263174352574,0.0554872561084506
0.7632830548364506,0.11835801617539772,0.11835892898815151
0.6850241787608657,0.15748150063255043,0.15749432060658378
0.8989770372982454,0.05048523099042034,0.05053773171133418
0.7329624689989019,0.13350640837310715,0.1335311226279909
0.8225300924329485,0.08873600672895737,0.08873390083809415
0.8154145133227436,0.09233366561020345,0.09225182106705286
0.8691742304570216,0.06541508015013175,0.06541068939284655
0.8175797201125232,0.0912104350102188,0.09120984487725797
0.8089911524029308,0.09552224161811089,0.09548660597895829
0.7182442108890668,0.1408731707330098,0.14088261837792326
0.7912803824832283,0.10430655738285287,0.10441306013391886
0.7735449690302667,0.1132299680121118,0.11322506295762139
0.8600450014162306,0.0699793697561431,0.06997562882762615
0.8082682836784676,0.09584394424350409,0.09588777207802832
0.7358025184231046,0.13209708020088384,0.13210040137601162
0.7349187617304828,0.1325406691005926,0.1325405691689248
0.7333531239723272,0.13332404465216358,0.1333228313755092
0.9145977889808,0.04270318586107867,0.04269902515812131
0.7713133678944223,0.11434944832562596,0.1143371837799516
0.8704398621511896,0.06478327798597858,0.06477685986283176
0.780378923610701,0.10981808702301792,0.10980298936628112
0.9290137849008692,0.03551374921936474,0.03547246587976614
0.91357548810362,0.04321935598729247,0.04320515590908744
0.7908494101936326,0.10457851757925105,0.10457207222711641
0.8711354077224438,0.06448886416374314,0.06437572811381308
0.9262439135534899,0.03754273297699525,0.03621335346951481
0.8606232507496889,0.06958282913966247,0.06979392011064867
0.8848929983499763,0.05755880181687735,0.057548199833146386
0.8817306130662568,0.05919813603190333,0.05907125090184001
0.7274889504200637,0.1362564292009656,0.1362546203789707
0.8385110150359638,0.08074813146197134,0.08074085350206475
0.9016046570958776,0.050928833403617514,0.047466509500504864
0.9205021709326953,0.03975793639608804,0.039739892671216824
0.7961036231730636,0.10194628044831798,0.10195009637861847
0.8160093598113223,0.09199866115734079,0.09199197903133698
0.9232106344700282,0.038323697933787045,0.03846566759618468
0.8612360157556482,0.0693821649005367,0.06938181934381507
0.8748912484043613,0.06308213408880203,0.0620266175068366
0.8844808755993169,0.05776622828513117,0.0577528961155519
0.6666567260295031,0.16667114276923312,0.1666721312012637
0.9031349233395322,0.048434475086639575,0.04843060157382826
0.7347292452948573,0.1326340666674557,0.13263668803768705
0.7349187617304828,0.1325406691005926,0.1325405691689248
0.8140513696530282,0.09278283160818576,0.09316579873878615
0.7766751636719011,0.1116664795023873,0.11165835682571154
0.7267072493902734,0.1366478317170785,0.13664491889264818
0.7856714295267854,0.10716455030844557,0.10716402016476899
0.8840235414105246,0.058037139938625235,0.05793931865085009
0.6666567260295031,0.16667114276923312,0.1666721312012637
0.6912352556890126,0.15438302777116805,0.1543817165398194
0.7328802311226194,0.1335640361874099,0.13355573268997087
0.9153366545928846,0.04233660276233185,0.04232674264478346
0.8337554261318209,0.08312346797603481,0.08312110589214435
0.9340168838790265,0.03299440804219471,0.03298870807877893
0.8814286293697987,0.05929003714858811,0.059281333481613144
0.9208402657158812,0.039598552989322536,0.039561181294796376
0.7807460158986608,0.10963280662363231,0.10962117747770694
0.9157175824081516,0.04214802574922551,0.0421343918426228
0.8824934987546805,0.03753493866594901,0.07997156257937053
0.804209187403551,0.09801594407496315,0.09777486852148594
0.6989724355531389,0.15051495472162751,0.1505126097252336
0.9070937083725611,0.04647708285425514,0.04642920877318375
0.6995747849969195,0.15021197137608017,0.1502132436270004
0.8517093855531244,0.07414615308145132,0.07414446136542421
0.809937438924336,0.0950302855007806,0.09503227557488335
0.9298595586659868,0.03505748455079101,0.0350829567832223
0.8998631840636343,0.05007325162333495,0.05006356431303081
0.7947644366063362,0.10262562627758777,0.10260993711607598
0.8336069909682766,0.08320476374293673,0.0831882452887868
0.7945336139306111,0.10273422927129922,0.10273215679808978
0.9290676869312355,0.035471246971845824,0.03546106609691877
0.8783646117261074,0.060825998498022275,0.06080938977587045
0.8773148387734644,0.06134698554392878,0.0613381756826069
0.8070115192580202,0.09649285806889409,0.09649562267308573
0.6879618196608656,0.15602008704975276,0.15601809328938152
0.9046311233617804,0.047686936585601525,0.04768194005261808
0.9356292277134274,0.032301155653375026,0.03206961663319751
0.1583793580576543,0.10118061325270862,0.7404400286896371
0.8155909220061583,0.09223468138071787,0.0921743966131238
0.8221604815546535,0.08892085125558437,0.08891866718976216
0.21344981254105383,0.6269727105519982,0.1595774769069479
0.7332318917891666,0.13338322929928936,0.13338487891154416
0.3666615630779813,0.07694500888123335,0.5563934280407854
0.8768016866201255,0.06162776859762081,0.06157054478225381
0.6666567260295031,0.16667114276923312,0.1666721312012637
0.8256080282623829,0.08719609322961451,0.08719587850800269
0.7960087854393363,0.1019963845992269,0.1019948299614368
0.904398050284609,0.04785248726352422,0.04774946245186692
0.5132925048706753,0.43302403918769183,0.05368345594163279
0.9076908424075886,0.04660480679936151,0.045704350793049915
0.8582905786554629,0.07087634869395759,0.07083307265057945
0.9048607673355166,0.04757231362212676,0.04756691904235669
0.8735953614816139,0.0632026303538504,0.06320200816453586
0.5869025579139737,0.08396244613236097,0.3291349959536652
0.930316480494041,0.034848488753219525,0.03483503075273938
0.4648286845760168,0.08559920345327109,0.4495721119707122
0.8783440039046914,0.06083861119156861,0.06081738490374004
0.8986624507892004,0.05068596006347222,0.05065158914732736
0.8380713067806087,0.08089884718196858,0.08102984603742289
0.8152625393470866,0.09237070924505103,0.09236675140786235
0.8951406517169976,0.05243375603564841,0.05242559224735385
0.32339947113863826,0.14221430372989227,0.5343862251314694
0.788481640294319,0.10621580883260795,0.10530255087307311
0.8059602555182211,0.09701159011607743,0.09702815436570138
0.8766863396846296,0.0616652158427605,0.06164844447261003
0.8970927000104982,0.0514539116889516,0.05145338830055031
0.8273511557786845,0.08632862989415156,0.08632021432716394
0.8692019728591104,0.06539972187838856,0.06539830526250104
0.7603385111548766,0.11982196135901103,0.11983952748611232
0.47084139936951674,0.10185532016947725,0.42730328046100596
0.40058716811443973,0.07039408581466669,0.5290187460708936
0.8491576042193818,0.07539744080222549,0.07544495497839276
0.7969680685953741,0.101516754474432,0.10151517693019387
0.8097139766141446,0.09514314886035607,0.0951428745254995
0.7113451736311178,0.14432709846552486,0.14432772790335732
0.9153374683377064,0.04234810763933698,0.042314424022956695
0.8921696908653068,0.053558722016220625,0.05427158711847262
0.8785578102874035,0.06045604986272558,0.0609861398498708
0.8143703783855308,0.09283064883302013,0.09279897278144913
0.9073775668710398,0.04631610217452352,0.046306330954436696
0.6865671000040698,0.15671773548197732,0.15671516451395293
0.7978197790020395,0.10109007883387312,0.10109014216408745
0.9201967402002925,0.03975605319003103,0.0400472066096763
0.45840389968402984,0.44737730995501623,0.09421879036095399
0.7957647545428783,0.10211751977090516,0.10211772568621647
0.8536053452375264,0.07320136431739116,0.07319329044508231
0.6666567260295031,0.16667114276923312,0.1666721312012637
0.7499878412729075,0.1250064185868467,0.1250057401402458
0.8850688386493694,0.057469945945918664,0.05746121540471201
0.6666567260295031,0.16667114276923312,0.1666721312012637
0.6999547381265613,0.15002389580161707,0.15002136607182154
0.7642155047158639,0.1178921012450512,0.11789239403908502
